[gd_scene load_steps=46 format=3 uid="uid://hy1hi0je2cns"]

[ext_resource type="PackedScene" uid="uid://cqyuhexnbhsd4" path="res://assets/zombie.glb" id="1_rmvpp"]

[sub_resource type="CapsuleShape3D" id="CapsuleShape3D_nrrtd"]
radius = 1.27814
height = 12.7814

[sub_resource type="CapsuleShape3D" id="CapsuleShape3D_ue876"]
radius = 0.879264
height = 8.79264

[sub_resource type="CapsuleShape3D" id="CapsuleShape3D_poeyx"]
radius = 0.865112
height = 8.65112

[sub_resource type="CapsuleShape3D" id="CapsuleShape3D_qngjy"]
radius = 2.12592
height = 21.2592

[sub_resource type="CapsuleShape3D" id="CapsuleShape3D_8o7la"]
radius = 2.09825
height = 20.9825

[sub_resource type="CapsuleShape3D" id="CapsuleShape3D_psy4q"]
radius = 3.50347
height = 35.0347

[sub_resource type="CapsuleShape3D" id="CapsuleShape3D_jh25d"]
radius = 1.21385
height = 12.1385

[sub_resource type="CapsuleShape3D" id="CapsuleShape3D_bud4c"]
radius = 1.84696
height = 18.4696

[sub_resource type="CapsuleShape3D" id="CapsuleShape3D_ymf1c"]
radius = 2.95088
height = 29.5088

[sub_resource type="CapsuleShape3D" id="CapsuleShape3D_x6w6h"]
radius = 1.43767
height = 14.3767

[sub_resource type="CapsuleShape3D" id="CapsuleShape3D_yu8a2"]
radius = 0.633226
height = 6.33226

[sub_resource type="CapsuleShape3D" id="CapsuleShape3D_a52gj"]
radius = 0.598994
height = 5.98994

[sub_resource type="CapsuleShape3D" id="CapsuleShape3D_hbbvi"]
radius = 0.574295
height = 5.74295

[sub_resource type="CapsuleShape3D" id="CapsuleShape3D_w2w4c"]
radius = 0.879287
height = 8.79287

[sub_resource type="CapsuleShape3D" id="CapsuleShape3D_k7ne1"]
radius = 1.00751
height = 10.0751

[sub_resource type="CapsuleShape3D" id="CapsuleShape3D_ubqho"]
radius = 0.9394
height = 9.394

[sub_resource type="CapsuleShape3D" id="CapsuleShape3D_qhxdl"]
radius = 1.07719
height = 10.7719

[sub_resource type="CapsuleShape3D" id="CapsuleShape3D_piimp"]
radius = 0.93938
height = 9.3938

[sub_resource type="CapsuleShape3D" id="CapsuleShape3D_0aode"]
radius = 0.992853
height = 9.92853

[sub_resource type="CapsuleShape3D" id="CapsuleShape3D_ogfdk"]
radius = 0.842511
height = 8.42511

[sub_resource type="CapsuleShape3D" id="CapsuleShape3D_nfwoj"]
radius = 0.814698
height = 8.14698

[sub_resource type="CapsuleShape3D" id="CapsuleShape3D_cn0ip"]
radius = 1.21386
height = 12.1386

[sub_resource type="CapsuleShape3D" id="CapsuleShape3D_dgobd"]
radius = 1.84696
height = 18.4696

[sub_resource type="CapsuleShape3D" id="CapsuleShape3D_i3m68"]
radius = 2.95089
height = 29.5089

[sub_resource type="CapsuleShape3D" id="CapsuleShape3D_eptc0"]
radius = 1.43767
height = 14.3767

[sub_resource type="CapsuleShape3D" id="CapsuleShape3D_v54io"]
radius = 0.633229
height = 6.33229

[sub_resource type="CapsuleShape3D" id="CapsuleShape3D_mfs1x"]
radius = 0.599004
height = 5.99004

[sub_resource type="CapsuleShape3D" id="CapsuleShape3D_ey3ap"]
radius = 0.574305
height = 5.74305

[sub_resource type="CapsuleShape3D" id="CapsuleShape3D_m5trn"]
radius = 0.879249
height = 8.79249

[sub_resource type="CapsuleShape3D" id="CapsuleShape3D_urdae"]
radius = 1.0076
height = 10.076

[sub_resource type="CapsuleShape3D" id="CapsuleShape3D_lbfbr"]
radius = 0.939372
height = 9.39372

[sub_resource type="CapsuleShape3D" id="CapsuleShape3D_eccr0"]
radius = 1.0772
height = 10.772

[sub_resource type="CapsuleShape3D" id="CapsuleShape3D_6m5qi"]
radius = 0.93942
height = 9.3942

[sub_resource type="CapsuleShape3D" id="CapsuleShape3D_2hy0i"]
radius = 0.9928
height = 9.928

[sub_resource type="CapsuleShape3D" id="CapsuleShape3D_ujo7d"]
radius = 0.842508
height = 8.42509

[sub_resource type="CapsuleShape3D" id="CapsuleShape3D_v6vud"]
radius = 0.81467
height = 8.1467

[sub_resource type="CapsuleShape3D" id="CapsuleShape3D_7i8cp"]
radius = 3.25338
height = 32.5338

[sub_resource type="CapsuleShape3D" id="CapsuleShape3D_q6nso"]
radius = 4.8648
height = 48.648

[sub_resource type="CapsuleShape3D" id="CapsuleShape3D_mklxe"]
radius = 2.9
height = 29.0

[sub_resource type="CapsuleShape3D" id="CapsuleShape3D_2txsr"]
radius = 2.35123
height = 23.5123

[sub_resource type="CapsuleShape3D" id="CapsuleShape3D_h5ycm"]
radius = 3.25338
height = 32.5338

[sub_resource type="CapsuleShape3D" id="CapsuleShape3D_pklyj"]
radius = 4.86481
height = 48.6481

[sub_resource type="CapsuleShape3D" id="CapsuleShape3D_iqppb"]
radius = 2.9
height = 29.0

[sub_resource type="CapsuleShape3D" id="CapsuleShape3D_mjgw2"]
radius = 2.3512
height = 23.512

[node name="zombie" instance=ExtResource("1_rmvpp")]

[node name="Skeleton3D" parent="Armature" index="0"]
bones/0/position = Vector3(1.06565, -0.598296, -91.4169)
bones/0/rotation = Quaternion(-0.587001, -0.340607, 0.387516, 0.623897)
bones/1/rotation = Quaternion(0.135506, 0.00210707, -0.0373911, 0.990069)
bones/2/rotation = Quaternion(0.0487468, 0.00600503, -0.0241723, 0.998501)
bones/3/rotation = Quaternion(0.0489179, 0.00687256, -0.0246491, 0.998475)
bones/4/position = Vector3(-1.91107e-06, 21.2425, -0.842546)
bones/4/rotation = Quaternion(-0.0312684, 0.0135646, 0.0322809, 0.998897)
bones/5/rotation = Quaternion(-0.144627, 0.456624, -0.0616047, 0.875661)
bones/9/position = Vector3(6.57022, 17.5956, -2.76177)
bones/9/rotation = Quaternion(-0.609892, -0.391912, 0.569242, -0.387816)
bones/10/position = Vector3(-1.64718e-05, 12.1385, 2.30985e-06)
bones/10/rotation = Quaternion(0.26931, -0.384079, -0.0652466, 0.880737)
bones/11/position = Vector3(1.08823e-06, 18.4696, 1.57036e-05)
bones/11/rotation = Quaternion(-0.00184518, 0.00199609, 0.397223, 0.917718)
bones/12/position = Vector3(9.50838e-07, 29.5088, -2.75606e-06)
bones/12/rotation = Quaternion(-0.0035828, -0.0898499, 0.000851014, 0.995948)
bones/13/position = Vector3(-9.22383, 10.7665, 2.38622)
bones/13/rotation = Quaternion(0.327132, 0.401068, 0.28285, 0.807543)
bones/14/position = Vector3(-8.46388e-06, 6.33227, -7.09294e-06)
bones/14/rotation = Quaternion(-0.050486, -0.00232901, -0.264739, 0.962995)
bones/15/position = Vector3(8.04636e-07, 5.98994, -6.0126e-06)
bones/15/rotation = Quaternion(-0.113953, -0.00825039, -0.379975, 0.917914)
bones/16/position = Vector3(5.2452e-06, 5.74295, -7.01846e-06)
bones/17/rotation = Quaternion(0.506525, 0.0390851, -0.0517804, 0.859781)
bones/18/position = Vector3(-1.34466e-05, 8.79286, -4.10313e-06)
bones/18/rotation = Quaternion(0.6997, 0.0038385, -0.0976557, 0.707721)
bones/19/position = Vector3(-6.58097e-07, 10.0751, 2.98611e-06)
bones/20/position = Vector3(0.00153214, 25.7911, 0.0166866)
bones/20/rotation = Quaternion(0.520379, -0.0387399, -0.0242902, 0.85271)
bones/21/position = Vector3(-4.61033e-06, 9.39401, 8.46929e-06)
bones/21/rotation = Quaternion(0.679349, -0.00410188, -0.114661, 0.72479)
bones/23/position = Vector3(6.22733, 24.6876, -0.127848)
bones/23/rotation = Quaternion(0.5085, -0.111889, -0.0355891, 0.85302)
bones/24/position = Vector3(-2.06111e-06, 9.39379, -4.36394e-06)
bones/24/rotation = Quaternion(0.542614, 0.0162412, -0.109736, 0.832625)
bones/25/position = Vector3(-5.91577e-06, 9.92853, -6.01738e-06)
bones/26/rotation = Quaternion(0.443789, -0.19442, -0.0471069, 0.873518)
bones/27/position = Vector3(-9.21824e-06, 8.42512, -6.00067e-06)
bones/27/rotation = Quaternion(0.666135, 0.0061195, -0.107554, 0.73801)
bones/28/position = Vector3(8.39746e-06, 8.14697, 1.8987e-06)
bones/29/position = Vector3(-6.57023, 17.5958, -2.76177)
bones/29/rotation = Quaternion(0.612714, -0.388347, 0.540002, 0.42681)
bones/30/position = Vector3(-1.48566e-06, 12.1386, -1.03468e-05)
bones/30/rotation = Quaternion(0.356254, -0.0158296, 0.102411, 0.928625)
bones/31/position = Vector3(6.61853e-06, 18.4696, 6.51128e-06)
bones/31/rotation = Quaternion(0.0845611, 0.138606, -0.330142, 0.929862)
bones/32/rotation = Quaternion(-0.171364, 0.246408, -0.0507381, 0.952546)
bones/33/position = Vector3(9.22384, 10.7664, 2.38602)
bones/33/rotation = Quaternion(0.3041, -0.00950039, -0.216693, 0.927619)
bones/34/position = Vector3(-9.29859e-06, 6.33221, 3.80863e-06)
bones/34/rotation = Quaternion(-0.0461411, 0.028106, 0.215085, 0.9751)
bones/35/position = Vector3(2.39001e-07, 5.99007, 5.24563e-06)
bones/35/rotation = Quaternion(0.017983, -0.006257, -0.135547, 0.990588)
bones/37/position = Vector3(6.40379, 26.4943, -0.170988)
bones/37/rotation = Quaternion(0.00675387, 0.00044955, -0.00461737, 0.999966)
bones/38/position = Vector3(-8.84252e-07, 8.7925, 7.31106e-07)
bones/38/rotation = Quaternion(0.0443037, -0.000138644, 0.000764899, 0.999018)
bones/39/position = Vector3(1.44617e-07, 10.076, 7.55305e-06)
bones/40/position = Vector3(-0.00152334, 25.7911, 0.0160114)
bones/40/rotation = Quaternion(0.0226731, -0.00188573, 0.0517075, 0.998403)
bones/41/position = Vector3(3.74826e-06, 9.39371, 1.04949e-05)
bones/41/rotation = Quaternion(0.207755, -0.00457679, 0.0384575, 0.977414)
bones/42/position = Vector3(-5.20062e-06, 10.772, 2.04951e-06)
bones/43/position = Vector3(-6.22733, 24.6876, -0.127986)
bones/43/rotation = Quaternion(0.0352971, -0.00677902, 0.102741, 0.994059)
bones/44/rotation = Quaternion(0.231651, -0.0075814, 0.0356221, 0.972117)
bones/46/position = Vector3(-12.817, 23.682, -0.108982)
bones/46/rotation = Quaternion(0.0944769, -0.00183798, 0.167468, 0.981339)
bones/47/position = Vector3(1.68855e-06, 8.42509, 7.32616e-07)
bones/47/rotation = Quaternion(0.162941, -0.0258445, 0.0230344, 0.986028)
bones/48/position = Vector3(2.78891e-06, 8.1467, 9.7565e-07)
bones/49/position = Vector3(11.3941, -6.18782, -0.413819)
bones/49/rotation = Quaternion(0.144513, 0.362741, 0.903669, -0.175831)
bones/50/position = Vector3(-1.05913e-07, 32.5338, 1.71682e-06)
bones/50/rotation = Quaternion(-0.417069, 0.0561293, -0.00626618, 0.907118)
bones/51/rotation = Quaternion(0.511418, -0.0991071, -0.0591298, 0.851548)
bones/52/position = Vector3(3.21333e-06, 29, 1.13524e-06)
bones/52/rotation = Quaternion(0.314717, -0.0550973, -0.0122415, 0.947506)
bones/54/position = Vector3(-11.3941, -6.18779, -0.413816)
bones/54/rotation = Quaternion(-0.21063, 0.281638, 0.90468, 0.240559)
bones/55/position = Vector3(-2.1326e-06, 32.5338, -1.90962e-06)
bones/55/rotation = Quaternion(-0.410313, -0.0356332, -0.0261003, 0.910874)
bones/56/rotation = Quaternion(0.547484, 0.12365, 0.111418, 0.820096)
bones/57/rotation = Quaternion(0.299829, 0.0519718, 0.0121257, 0.952499)

[node name="Physical Bone mixamorig_Hips" type="PhysicalBone3D" parent="Armature/Skeleton3D" index="2"]
transform = Transform3D(-0.460845, 0.881185, 0.105432, -0.886984, -0.461261, -0.0219081, 0.0293289, -0.103612, 0.99418, 0.391808, -0.458323, -97.7682)
joint_offset = Transform3D(1, 0, 0, 0, 1, 0, 0, 0, 1, -0.000122773, 0.000265077, 6.38847)
body_offset = Transform3D(-0.99996, 0.00769132, 0.000186956, 3.76254e-07, 0.0246643, -0.999691, -0.0076963, -0.999658, -0.0246649, -0.00131917, 6.38649, 0.157835)
bone_name = "mixamorig_Hips"

[node name="CollisionShape3D" type="CollisionShape3D" parent="Armature/Skeleton3D/Physical Bone mixamorig_Hips" index="0"]
transform = Transform3D(1, 0, 0, 0, 0, 1, 0, -1, 0, 0, 0, 0)
shape = SubResource("CapsuleShape3D_nrrtd")

[node name="Physical Bone mixamorig_Spine" type="PhysicalBone3D" parent="Armature/Skeleton3D" index="3"]
transform = Transform3D(0.485061, -0.827915, 0.281429, 0.873446, 0.443156, -0.201638, 0.0422223, 0.343619, 0.938121, -1.51866, 0.567538, -108.247)
joint_type = 1
joint_offset = Transform3D(1, 0, 0, 0, 1, 0, 0, 0, 1, 0.000233018, 0.000377216, 4.3951)
body_offset = Transform3D(0.999987, 1.01328e-06, -5.06639e-07, -1.19209e-07, 1.42306e-06, -0.999965, -8.85129e-06, 0.999952, 1.84029e-06, -0.000230789, 4.39495, -0.000385284)
bone_name = "mixamorig_Spine"
joint_constraints/bias = 0.3
joint_constraints/damping = 1.0
joint_constraints/impulse_clamp = 0.0

[node name="CollisionShape3D" type="CollisionShape3D" parent="Armature/Skeleton3D/Physical Bone mixamorig_Spine" index="0"]
transform = Transform3D(1, 0, 0, 0, 0, 1, 0, -1, 0, 0, 0, 0)
shape = SubResource("CapsuleShape3D_ue876")

[node name="Physical Bone mixamorig_Spine1" type="PhysicalBone3D" parent="Armature/Skeleton3D" index="4"]
transform = Transform3D(0.509745, -0.791784, 0.336362, 0.856382, 0.42976, -0.286077, 0.0819791, 0.433968, 0.897116, -4.21127, 2.69196, -116.253)
joint_type = 1
joint_offset = Transform3D(1, 0, 0, 0, 1, 0, 0, 0, 1, -1.98193e-06, 0.00011045, 4.32512)
body_offset = Transform3D(0.999975, 5.21541e-06, 1.21444e-05, -5.66244e-07, 6.13928e-06, -0.999898, 1.66893e-06, 0.999972, 5.47245e-05, -5.05447e-05, 4.32468, -0.000347137)
bone_name = "mixamorig_Spine1"
joint_constraints/bias = 0.3
joint_constraints/damping = 1.0
joint_constraints/impulse_clamp = 0.0

[node name="CollisionShape3D" type="CollisionShape3D" parent="Armature/Skeleton3D/Physical Bone mixamorig_Spine1" index="0"]
transform = Transform3D(1, 0, 0, 0, 0, 1, 0, -1, 0, 0, 0, 0)
shape = SubResource("CapsuleShape3D_poeyx")

[node name="Physical Bone mixamorig_Spine2" type="PhysicalBone3D" parent="Armature/Skeleton3D" index="5"]
transform = Transform3D(0.538187, -0.763899, 0.356062, 0.834438, 0.423608, -0.352479, 0.118434, 0.486822, 0.865428, -9.45171, 7.67588, -129.332)
joint_type = 1
joint_offset = Transform3D(1, 0, 0, 0, 1, 0, 0, 0, 1, 0.000526955, -0.000197917, 10.6279)
body_offset = Transform3D(0.999979, 3.66569e-06, -3.09944e-06, -4.91738e-06, 0.0396297, -0.999208, 6.88434e-06, 0.999205, 0.0396311, -0.000494003, 10.6195, -0.420998)
bone_name = "mixamorig_Spine2"
joint_constraints/bias = 0.3
joint_constraints/damping = 1.0
joint_constraints/impulse_clamp = 0.0

[node name="CollisionShape3D" type="CollisionShape3D" parent="Armature/Skeleton3D/Physical Bone mixamorig_Spine2" index="0"]
transform = Transform3D(1, 0, 0, 0, 0, 1, 0, -1, 0, 0, 0, 0)
shape = SubResource("CapsuleShape3D_qngjy")

[node name="Physical Bone mixamorig_Neck" type="PhysicalBone3D" parent="Armature/Skeleton3D" index="6"]
transform = Transform3D(-0.534115, 0.651952, 0.538183, -0.843949, -0.374186, -0.384302, -0.04917, -0.659478, 0.750095, -18.8826, 15.4546, -146.401)
joint_type = 1
joint_offset = Transform3D(1, 0, 0, 0, 1, 0, 0, 0, 1, -0.000410448, 0.000606298, 10.4895)
body_offset = Transform3D(-0.999973, -3.27826e-06, -1.57952e-06, 3.7998e-06, 0.230368, -0.973089, 6.25849e-07, -0.973087, -0.230367, -0.000393867, 10.2071, 2.41703)
bone_name = "mixamorig_Neck"
joint_constraints/bias = 0.3
joint_constraints/damping = 1.0
joint_constraints/impulse_clamp = 0.0

[node name="CollisionShape3D" type="CollisionShape3D" parent="Armature/Skeleton3D/Physical Bone mixamorig_Neck" index="0"]
transform = Transform3D(1, 0, 0, 0, 0, 1, 0, -1, 0, 0, 0, 0)
shape = SubResource("CapsuleShape3D_8o7la")

[node name="Physical Bone mixamorig_Head" type="PhysicalBone3D" parent="Armature/Skeleton3D" index="7"]
transform = Transform3D(-0.989914, 0.0277043, 0.138627, -0.0626379, -0.964987, -0.254415, 0.126738, -0.260546, 0.957016, -26.957, 23.9427, -171.032)
joint_type = 1
joint_offset = Transform3D(1, 0, 0, 0, 1, 0, 0, 0, 1, 0.000156157, -0.000162125, 17.5131)
body_offset = Transform3D(-0.999958, 4.88013e-07, -3.20002e-06, 4.86569e-06, 0.143797, -0.989518, 1.69873e-06, -0.989532, -0.143796, 0.000212193, 17.3296, 2.51816)
bone_name = "mixamorig_Head"
joint_constraints/bias = 0.3
joint_constraints/damping = 1.0
joint_constraints/impulse_clamp = 0.0

[node name="CollisionShape3D" type="CollisionShape3D" parent="Armature/Skeleton3D/Physical Bone mixamorig_Head" index="0"]
transform = Transform3D(1, 0, 0, 0, 0, 1, 0, -1, 0, 0, 0, 0)
shape = SubResource("CapsuleShape3D_psy4q")

[node name="Physical Bone mixamorig_LeftShoulder" type="PhysicalBone3D" parent="Armature/Skeleton3D" index="8"]
transform = Transform3D(0.757889, 0.183081, -0.626126, -0.357801, -0.685852, -0.633692, -0.545433, 0.704314, -0.454335, -3.05517, 18.6172, -132.911)
joint_type = 1
joint_offset = Transform3D(1, 0, 0, 0, 1, 0, 0, 0, 1, 0.000117664, -0.00390016, 6.06754)
body_offset = Transform3D(0.999958, -2.29478e-06, 8.27014e-06, -2.86102e-06, -1.19209e-07, -1.00001, -5.21541e-07, 0.999985, -7.30157e-06, -0.000167847, 6.0676, 0.0039444)
bone_name = "mixamorig_LeftShoulder"
joint_constraints/bias = 0.3
joint_constraints/damping = 1.0
joint_constraints/impulse_clamp = 0.0

[node name="CollisionShape3D" type="CollisionShape3D" parent="Armature/Skeleton3D/Physical Bone mixamorig_LeftShoulder" index="0"]
transform = Transform3D(1, 0, 0, 0, 0, 1, 0, -1, 0, 0, 0, 0)
shape = SubResource("CapsuleShape3D_jh25d")

[node name="Physical Bone mixamorig_LeftArm" type="PhysicalBone3D" parent="Armature/Skeleton3D" index="9"]
transform = Transform3D(0.443781, 0.556303, -0.702514, -0.892999, 0.209534, -0.398205, -0.0743211, 0.804109, 0.589779, 7.23222, 26.1442, -135.601)
joint_type = 1
joint_offset = Transform3D(1, 0, 0, 0, 1, 0, 0, 0, 1, 0.000390494, -0.000618591, 9.23353)
body_offset = Transform3D(0.999956, -4.54485e-06, -1.69873e-06, 5.126e-06, 0.999984, -2.41399e-06, 2.5034e-06, 5.66244e-07, 0.999966, -0.000374794, 0.000640869, -9.23322)
bone_name = "mixamorig_LeftArm"
joint_constraints/bias = 0.3
joint_constraints/damping = 1.0
joint_constraints/impulse_clamp = 0.0

[node name="CollisionShape3D" type="CollisionShape3D" parent="Armature/Skeleton3D/Physical Bone mixamorig_LeftArm" index="0"]
transform = Transform3D(1, 0, 0, 0, 0, 1, 0, -1, 0, 0, 0, 0)
shape = SubResource("CapsuleShape3D_bud4c")

[node name="Physical Bone mixamorig_LeftForeArm" type="PhysicalBone3D" parent="Armature/Skeleton3D" index="10"]
transform = Transform3D(0.712926, 0.0583024, -0.698759, -0.456395, 0.795228, -0.399119, 0.53235, 0.603479, 0.59361, 21.3298, 32.2257, -124.062)
joint_type = 1
joint_offset = Transform3D(1, 0, 0, 0, 1, 0, 0, 0, 1, -8.10866e-05, -0.000387429, 14.754)
body_offset = Transform3D(0.999978, -0.000111014, 1.35601e-06, 4.17233e-07, 0.999987, 4.02331e-06, -5.21541e-07, 9.78708e-05, 0.999967, 6.10352e-05, 0.000328064, -14.7535)
bone_name = "mixamorig_LeftForeArm"
joint_constraints/bias = 0.3
joint_constraints/damping = 1.0
joint_constraints/impulse_clamp = 0.0

[node name="CollisionShape3D" type="CollisionShape3D" parent="Armature/Skeleton3D/Physical Bone mixamorig_LeftForeArm" index="0"]
transform = Transform3D(1, 0, 0, 0, 0, 1, 0, -1, 0, 0, 0, 0)
shape = SubResource("CapsuleShape3D_ymf1c")

[node name="Physical Bone mixamorig_LeftHand" type="PhysicalBone3D" parent="Armature/Skeleton3D" index="11"]
transform = Transform3D(0.644326, 0.612366, 0.458046, 0.425577, 0.210515, -0.880068, -0.635374, 0.761997, -0.124974, 9.45, 56.1267, -96.5954)
joint_type = 1
joint_offset = Transform3D(1, 0, 0, 0, 1, 0, 0, 0, 1, 0.00422299, 0.000230595, 7.18749)
body_offset = Transform3D(-0.250434, 0.724996, 0.641565, -1.72853e-06, 0.662688, -0.748863, -0.968119, -0.187545, -0.165959, -4.61035, 5.38229, 1.19696)
bone_name = "mixamorig_LeftHand"
joint_constraints/bias = 0.3
joint_constraints/damping = 1.0
joint_constraints/impulse_clamp = 0.0

[node name="CollisionShape3D" type="CollisionShape3D" parent="Armature/Skeleton3D/Physical Bone mixamorig_LeftHand" index="0"]
transform = Transform3D(1, 0, 0, 0, 0, 1, 0, -1, 0, 0, 0, 0)
shape = SubResource("CapsuleShape3D_x6w6h")

[node name="Physical Bone mixamorig_LeftHandThumb1" type="PhysicalBone3D" parent="Armature/Skeleton3D" index="12"]
transform = Transform3D(0.720892, -0.688035, 0.0829806, 0.446909, 0.370032, -0.814441, 0.529675, 0.624218, 0.574257, 5.89756, 65.0344, -97.5169)
joint_type = 1
joint_offset = Transform3D(1, 0, 0, 0, 1, 0, 0, 0, 1, -0.000795287, 0.000218927, 3.16575)
body_offset = Transform3D(0.999984, -2.23517e-07, 5.39422e-06, 4.69387e-06, 0.999982, -4.08292e-06, 3.12924e-06, 2.5928e-06, 0.999986, 0.000778198, -0.000205994, -3.16571)
bone_name = "mixamorig_LeftHandThumb1"
joint_constraints/bias = 0.3
joint_constraints/damping = 1.0
joint_constraints/impulse_clamp = 0.0

[node name="CollisionShape3D" type="CollisionShape3D" parent="Armature/Skeleton3D/Physical Bone mixamorig_LeftHandThumb1" index="0"]
transform = Transform3D(1, 0, 0, 0, 0, 1, 0, -1, 0, 0, 0, 0)
shape = SubResource("CapsuleShape3D_yu8a2")

[node name="Physical Bone mixamorig_LeftHandThumb2" type="PhysicalBone3D" parent="Armature/Skeleton3D" index="13"]
transform = Transform3D(0.973052, -0.22831, 0.0308475, 0.170241, 0.622447, -0.763887, 0.155212, 0.748608, 0.644563, 1.70961, 67.0859, -93.6769)
joint_type = 1
joint_offset = Transform3D(1, 0, 0, 0, 1, 0, 0, 0, 1, 0.000779826, 0.000497676, 2.99423)
body_offset = Transform3D(0.999951, -8.49366e-07, 1.18911e-05, 2.21282e-06, 0.99999, 6.85453e-07, 3.8743e-06, 2.23517e-06, 0.999968, -0.000815392, -0.000499725, -2.99413)
bone_name = "mixamorig_LeftHandThumb2"
joint_constraints/bias = 0.3
joint_constraints/damping = 1.0
joint_constraints/impulse_clamp = 0.0

[node name="CollisionShape3D" type="CollisionShape3D" parent="Armature/Skeleton3D/Physical Bone mixamorig_LeftHandThumb2" index="0"]
transform = Transform3D(1, 0, 0, 0, 0, 1, 0, -1, 0, 0, 0, 0)
shape = SubResource("CapsuleShape3D_a52gj")

[node name="Physical Bone mixamorig_LeftHandThumb3" type="PhysicalBone3D" parent="Armature/Skeleton3D" index="14"]
transform = Transform3D(0.85389, 0.517907, 0.0503488, -0.389681, 0.700633, -0.597597, -0.344816, 0.490741, 0.800033, 0.29085, 70.2426, -89.5604)
joint_type = 1
joint_offset = Transform3D(1, 0, 0, 0, 1, 0, 0, 0, 1, -0.000937377, 0.000814763, 2.87154)
body_offset = Transform3D(0.999939, 1.96695e-06, -1.23382e-05, -4.61936e-06, 0.99997, -3.42727e-06, 1.26511e-05, -8.28505e-06, 0.999855, 0.000972748, -0.000804901, -2.87112)
bone_name = "mixamorig_LeftHandThumb3"
joint_constraints/bias = 0.3
joint_constraints/damping = 1.0
joint_constraints/impulse_clamp = 0.0

[node name="CollisionShape3D" type="CollisionShape3D" parent="Armature/Skeleton3D/Physical Bone mixamorig_LeftHandThumb3" index="0"]
transform = Transform3D(1, 0, 0, 0, 0, 1, 0, -1, 0, 0, 0, 0)
shape = SubResource("CapsuleShape3D_hbbvi")

[node name="Physical Bone mixamorig_LeftHandIndex1" type="PhysicalBone3D" parent="Armature/Skeleton3D" index="15"]
transform = Transform3D(0.666018, -0.601873, -0.440585, -0.517167, 0.0530298, -0.854222, 0.537499, 0.796785, -0.275973, 12.7931, 78.0893, -84.5514)
joint_type = 1
joint_offset = Transform3D(1, 0, 0, 0, 1, 0, 0, 0, 1, -0.000466355, -0.000125202, 4.39572)
body_offset = Transform3D(0.999974, -1.2666e-05, -1.51992e-06, 3.29688e-07, 0.999965, 7.1153e-07, 4.76837e-06, -1.50129e-05, 0.999985, 0.000473022, 0.00012207, -4.39565)
bone_name = "mixamorig_LeftHandIndex1"
joint_constraints/bias = 0.3
joint_constraints/damping = 1.0
joint_constraints/impulse_clamp = 0.0

[node name="CollisionShape3D" type="CollisionShape3D" parent="Armature/Skeleton3D/Physical Bone mixamorig_LeftHandIndex1" index="0"]
transform = Transform3D(1, 0, 0, 0, 0, 1, 0, -1, 0, 0, 0, 0)
shape = SubResource("CapsuleShape3D_w2w4c")

[node name="Physical Bone mixamorig_LeftHandIndex2" type="PhysicalBone3D" parent="Armature/Skeleton3D" index="16"]
transform = Transform3D(0.795871, -0.341439, 0.49998, -0.392957, -0.919539, -0.00240231, 0.460595, -0.19452, -0.866027, 3.04567, 74.8124, -74.3956)
joint_type = 1
joint_offset = Transform3D(1, 0, 0, 0, 1, 0, 0, 0, 1, -0.000684735, -0.000198351, 5.03749)
body_offset = Transform3D(0.999987, 2.38419e-07, -2.15843e-05, 2.41399e-06, 0.999985, -4.54385e-05, -1.13802e-06, 1.08802e-06, 0.999994, 0.000793457, 0.000427246, -5.03746)
bone_name = "mixamorig_LeftHandIndex2"
joint_constraints/bias = 0.3
joint_constraints/damping = 1.0
joint_constraints/impulse_clamp = 0.0

[node name="CollisionShape3D" type="CollisionShape3D" parent="Armature/Skeleton3D/Physical Bone mixamorig_LeftHandIndex2" index="0"]
transform = Transform3D(1, 0, 0, 0, 0, 1, 0, -1, 0, 0, 0, 0)
shape = SubResource("CapsuleShape3D_k7ne1")

[node name="Physical Bone mixamorig_LeftHandMiddle1" type="PhysicalBone3D" parent="Armature/Skeleton3D" index="17"]
transform = Transform3D(0.535718, -0.479276, 0.6951, -0.594149, -0.798935, -0.0928554, 0.599926, -0.363272, -0.712732, 11.0864, 70.8296, -78.701)
joint_type = 1
joint_offset = Transform3D(1, 0, 0, 0, 1, 0, 0, 0, 1, 1.89393e-05, -0.000543789, 4.69738)
body_offset = Transform3D(0.999959, -2.14577e-06, -4.30122e-05, -4.8466e-06, -2.16067e-07, -0.999887, -4.55976e-06, 0.999985, -4.42192e-05, 0.000183105, 4.69685, 0.000751495)
bone_name = "mixamorig_LeftHandMiddle1"
joint_constraints/bias = 0.3
joint_constraints/damping = 1.0
joint_constraints/impulse_clamp = 0.0

[node name="CollisionShape3D" type="CollisionShape3D" parent="Armature/Skeleton3D/Physical Bone mixamorig_LeftHandMiddle1" index="0"]
transform = Transform3D(1, 0, 0, 0, 0, 1, 0, -1, 0, 0, 0, 0)
shape = SubResource("CapsuleShape3D_ubqho")

[node name="Physical Bone mixamorig_LeftHandMiddle2" type="PhysicalBone3D" parent="Armature/Skeleton3D" index="18"]
transform = Transform3D(0.712839, 0.560405, 0.421548, -0.474771, -0.056796, 0.878195, 0.516139, -0.826252, 0.225563, 5.55088, 66.5359, -76.5682)
joint_type = 1
joint_offset = Transform3D(1, 0, 0, 0, 1, 0, 0, 0, 1, -0.000136255, -0.000582187, 5.38695)
body_offset = Transform3D(0.999973, -4.1686e-06, -1.71959e-05, 6.28829e-06, 7.32765e-06, -0.999904, -1.29677e-05, 0.999986, -5.23031e-06, 0.000228882, 5.38643, 0.000610352)
bone_name = "mixamorig_LeftHandMiddle2"
joint_constraints/bias = 0.3
joint_constraints/damping = 1.0
joint_constraints/impulse_clamp = 0.0

[node name="CollisionShape3D" type="CollisionShape3D" parent="Armature/Skeleton3D/Physical Bone mixamorig_LeftHandMiddle2" index="0"]
transform = Transform3D(1, 0, 0, 0, 0, 1, 0, -1, 0, 0, 0, 0)
shape = SubResource("CapsuleShape3D_qhxdl")

[node name="Physical Bone mixamorig_LeftHandRing1" type="PhysicalBone3D" parent="Armature/Skeleton3D" index="19"]
transform = Transform3D(0.423625, -0.557851, 0.713671, -0.690909, -0.708493, -0.143681, 0.585799, -0.432206, -0.685577, 14.6386, 67.0017, -75.6292)
joint_type = 1
joint_offset = Transform3D(1, 0, 0, 0, 1, 0, 0, 0, 1, -0.00140146, -0.000118099, 4.69613)
body_offset = Transform3D(0.999987, -1.2815e-06, -1.18762e-05, -1.03563e-06, -1.3411e-07, -0.999993, 3.27826e-07, 0.999981, -1.46553e-05, 0.00145721, 4.6961, 0.00018692)
bone_name = "mixamorig_LeftHandRing1"
joint_constraints/bias = 0.3
joint_constraints/damping = 1.0
joint_constraints/impulse_clamp = 0.0

[node name="CollisionShape3D" type="CollisionShape3D" parent="Armature/Skeleton3D/Physical Bone mixamorig_LeftHandRing1" index="0"]
transform = Transform3D(1, 0, 0, 0, 0, 1, 0, -1, 0, 0, 0, 0)
shape = SubResource("CapsuleShape3D_piimp")

[node name="Physical Bone mixamorig_LeftHandRing2" type="PhysicalBone3D" parent="Armature/Skeleton3D" index="20"]
transform = Transform3D(0.612531, 0.379349, 0.693412, -0.59407, -0.357682, 0.720459, 0.521326, -0.853302, 0.00626661, 7.84387, 64.1004, -72.4406)
joint_type = 1
joint_offset = Transform3D(1, 0, 0, 0, 1, 0, 0, 0, 1, -0.0008941, -0.000780676, 4.96446)
body_offset = Transform3D(0.999947, 3.50177e-06, -1.2517e-06, -2.08616e-06, -7.7486e-07, -0.99996, -9.23872e-07, 0.999983, 2.80142e-06, 0.000900269, 4.96426, 0.000766754)
bone_name = "mixamorig_LeftHandRing2"
joint_constraints/bias = 0.3
joint_constraints/damping = 1.0
joint_constraints/impulse_clamp = 0.0

[node name="CollisionShape3D" type="CollisionShape3D" parent="Armature/Skeleton3D/Physical Bone mixamorig_LeftHandRing2" index="0"]
transform = Transform3D(1, 0, 0, 0, 0, 1, 0, -1, 0, 0, 0, 0)
shape = SubResource("CapsuleShape3D_0aode")

[node name="Physical Bone mixamorig_LeftHandPinky1" type="PhysicalBone3D" parent="Armature/Skeleton3D" index="21"]
transform = Transform3D(0.271712, -0.699619, 0.660801, -0.771587, -0.568714, -0.284892, 0.57514, -0.432456, -0.694376, 18.9241, 63.2999, -72.3571)
joint_type = 1
joint_offset = Transform3D(1, 0, 0, 0, 1, 0, 0, 0, 1, -0.000271998, -0.00292493, 4.21265)
body_offset = Transform3D(0.99998, -1.51992e-06, 1.17719e-06, -2.36928e-06, 4.02331e-06, -0.99999, -3.66569e-06, 0.99996, 4.27663e-06, 0.000267029, 4.21261, 0.0029068)
bone_name = "mixamorig_LeftHandPinky1"
joint_constraints/bias = 0.3
joint_constraints/damping = 1.0
joint_constraints/impulse_clamp = 0.0

[node name="CollisionShape3D" type="CollisionShape3D" parent="Armature/Skeleton3D/Physical Bone mixamorig_LeftHandPinky1" index="0"]
transform = Transform3D(1, 0, 0, 0, 0, 1, 0, -1, 0, 0, 0, 0)
shape = SubResource("CapsuleShape3D_ogfdk")

[node name="Physical Bone mixamorig_LeftHandPinky2" type="PhysicalBone3D" parent="Armature/Skeleton3D" index="22"]
transform = Transform3D(0.471497, -0.700688, 0.535432, -0.709959, -0.66175, -0.240843, 0.523103, -0.266573, -0.809494, 13.9622, 65.4822, -66.1329)
joint_type = 1
joint_offset = Transform3D(1, 0, 0, 0, 1, 0, 0, 0, 1, -0.00121841, 0.000255899, 4.07324)
body_offset = Transform3D(0.999994, 3.30806e-06, -6.18398e-06, -5.45382e-06, 0.999969, -1.01328e-06, 6.25849e-07, -2.563e-06, 0.999987, 0.00124359, -0.00025177, -4.07319)
bone_name = "mixamorig_LeftHandPinky2"
joint_constraints/bias = 0.3
joint_constraints/damping = 1.0
joint_constraints/impulse_clamp = 0.0

[node name="CollisionShape3D" type="CollisionShape3D" parent="Armature/Skeleton3D/Physical Bone mixamorig_LeftHandPinky2" index="0"]
transform = Transform3D(1, 0, 0, 0, 0, 1, 0, -1, 0, 0, 0, 0)
shape = SubResource("CapsuleShape3D_nfwoj")

[node name="Physical Bone mixamorig_RightShoulder" type="PhysicalBone3D" parent="Armature/Skeleton3D" index="23"]
transform = Transform3D(-0.676366, -0.452871, 0.580868, 0.497129, -0.862593, -0.093658, 0.543482, 0.225421, 0.808577, -17.4514, 4.37474, -142.132)
joint_type = 1
joint_offset = Transform3D(1, 0, 0, 0, 1, 0, 0, 0, 1, 0.000957378, -0.00316644, 6.06596)
body_offset = Transform3D(0.999991, 2.08616e-06, 1.90735e-06, -4.17233e-06, 0.999987, -9.08971e-07, 4.8019e-06, 1.30385e-06, 0.999988, -0.000968933, 0.00317192, -6.06589)
bone_name = "mixamorig_RightShoulder"
joint_constraints/bias = 0.3
joint_constraints/damping = 1.0
joint_constraints/impulse_clamp = 0.0

[node name="CollisionShape3D" type="CollisionShape3D" parent="Armature/Skeleton3D/Physical Bone mixamorig_RightShoulder" index="0"]
transform = Transform3D(1, 0, 0, 0, 0, 1, 0, -1, 0, 0, 0, 0)
shape = SubResource("CapsuleShape3D_cn0ip")

[node name="Physical Bone mixamorig_RightArm" type="PhysicalBone3D" parent="Armature/Skeleton3D" index="24"]
transform = Transform3D(-0.6834, 0.190312, 0.704768, 0.322518, -0.787348, 0.525353, 0.654903, 0.586331, 0.476718, -25.9312, -11.5125, -138.892)
joint_type = 1
joint_offset = Transform3D(1, 0, 0, 0, 1, 0, 0, 0, 1, 0.000402713, -0.000929422, 9.23311)
body_offset = Transform3D(0.999976, -3.45707e-06, 1.78814e-07, -1.49012e-07, 0.99996, -3.45707e-06, 1.3411e-06, 8.01682e-06, 0.999977, -0.000404358, 0.000961304, -9.2329)
bone_name = "mixamorig_RightArm"
joint_constraints/bias = 0.3
joint_constraints/damping = 1.0
joint_constraints/impulse_clamp = 0.0

[node name="CollisionShape3D" type="CollisionShape3D" parent="Armature/Skeleton3D/Physical Bone mixamorig_RightArm" index="0"]
transform = Transform3D(1, 0, 0, 0, 0, 1, 0, -1, 0, 0, 0, 0)
shape = SubResource("CapsuleShape3D_dgobd")

[node name="Physical Bone mixamorig_RightForeArm" type="PhysicalBone3D" parent="Armature/Skeleton3D" index="25"]
transform = Transform3D(-0.841558, 0.482267, 0.243176, 0.540025, 0.758673, 0.364357, -0.00877367, 0.437965, -0.898921, -19.4959, -26.5796, -110.398)
joint_type = 1
joint_offset = Transform3D(1, 0, 0, 0, 1, 0, 0, 0, 1, 0.00131323, -0.000960983, 14.7547)
body_offset = Transform3D(0.999962, 3.36766e-06, 2.45869e-06, 9.53674e-07, -5.24521e-06, -0.999975, -1.78814e-07, 0.99999, 2.563e-06, -0.00134945, 14.7543, 0.000923157)
bone_name = "mixamorig_RightForeArm"
joint_constraints/bias = 0.3
joint_constraints/damping = 1.0
joint_constraints/impulse_clamp = 0.0

[node name="CollisionShape3D" type="CollisionShape3D" parent="Armature/Skeleton3D/Physical Bone mixamorig_RightForeArm" index="0"]
transform = Transform3D(1, 0, 0, 0, 0, 1, 0, -1, 0, 0, 0, 0)
shape = SubResource("CapsuleShape3D_i3m68")

[node name="Physical Bone mixamorig_RightHand" type="PhysicalBone3D" parent="Armature/Skeleton3D" index="26"]
transform = Transform3D(0.142817, 0.405469, 0.90284, 0.701506, -0.68486, 0.196613, 0.698059, 0.605349, -0.382299, -29.575, -33.3684, -94.3859)
joint_type = 1
joint_offset = Transform3D(1, 0, 0, 0, 1, 0, 0, 0, 1, -0.000697732, -0.000124961, 7.18803)
body_offset = Transform3D(-0.250428, -0.724983, -0.641558, 6.82473e-06, 0.662665, -0.748859, 0.968029, -0.187512, -0.165966, 4.61127, 5.3829, 1.19362)
bone_name = "mixamorig_RightHand"
joint_constraints/bias = 0.3
joint_constraints/damping = 1.0
joint_constraints/impulse_clamp = 0.0

[node name="CollisionShape3D" type="CollisionShape3D" parent="Armature/Skeleton3D/Physical Bone mixamorig_RightHand" index="0"]
transform = Transform3D(1, 0, 0, 0, 0, 1, 0, -1, 0, 0, 0, 0)
shape = SubResource("CapsuleShape3D_eptc0")

[node name="Physical Bone mixamorig_RightHandThumb1" type="PhysicalBone3D" parent="Armature/Skeleton3D" index="27"]
transform = Transform3D(0.703064, 0.101768, 0.703789, 0.224739, -0.97077, -0.0841479, 0.674666, 0.217328, -0.705376, -38.2931, -34.5145, -89.4045)
joint_type = 1
joint_offset = Transform3D(1, 0, 0, 0, 1, 0, 0, 0, 1, -0.00126975, 0.00122194, 3.16581)
body_offset = Transform3D(-0.842809, -0.538199, -2.42647e-05, -1.85333e-06, 2.79546e-05, -0.999978, 0.538196, -0.842808, -3.36021e-05, -0.000335693, 3.16574, 0.00181961)
bone_name = "mixamorig_RightHandThumb1"
joint_constraints/bias = 0.3
joint_constraints/damping = 1.0
joint_constraints/impulse_clamp = 0.0

[node name="CollisionShape3D" type="CollisionShape3D" parent="Armature/Skeleton3D/Physical Bone mixamorig_RightHandThumb1" index="0"]
transform = Transform3D(1, 0, 0, 0, 0, 1, 0, -1, 0, 0, 0, 0)
shape = SubResource("CapsuleShape3D_v54io")

[node name="Physical Bone mixamorig_RightHandThumb2" type="PhysicalBone3D" parent="Armature/Skeleton3D" index="28"]
transform = Transform3D(-0.624219, -0.679661, 0.385259, -0.689373, 0.711198, 0.137778, -0.367637, -0.179586, -0.912476, -41.6751, -34.6618, -84.4384)
joint_type = 1
joint_offset = Transform3D(1, 0, 0, 0, 1, 0, 0, 0, 1, 0.00117947, 0.000420562, 2.9946)
body_offset = Transform3D(0.504163, 0.863612, 1.64397e-05, -3.2261e-06, 1.47372e-05, -1.00001, -0.863633, 0.504151, 2.0951e-05, -0.00100708, 2.99463, 0.000743866)
bone_name = "mixamorig_RightHandThumb2"
joint_constraints/bias = 0.3
joint_constraints/damping = 1.0
joint_constraints/impulse_clamp = 0.0

[node name="CollisionShape3D" type="CollisionShape3D" parent="Armature/Skeleton3D/Physical Bone mixamorig_RightHandThumb2" index="0"]
transform = Transform3D(1, 0, 0, 0, 0, 1, 0, -1, 0, 0, 0, 0)
shape = SubResource("CapsuleShape3D_mfs1x")

[node name="Physical Bone mixamorig_RightHandThumb3" type="PhysicalBone3D" parent="Armature/Skeleton3D" index="29"]
transform = Transform3D(-0.763422, 0.224921, 0.605452, 0.301035, 0.953228, 0.0254458, -0.571431, 0.20168, -0.795465, -44.5644, -35.1477, -79.422)
joint_type = 1
joint_offset = Transform3D(1, 0, 0, 0, 1, 0, 0, 0, 1, 0.00291634, -0.0011355, 2.86849)
body_offset = Transform3D(0.999985, -2.98023e-08, 2.01026e-06, 3.72902e-06, -8.40984e-06, -0.999992, -8.34465e-07, 0.999955, -3.12179e-06, -0.00292206, 2.86847, 0.00114441)
bone_name = "mixamorig_RightHandThumb3"
joint_constraints/bias = 0.3
joint_constraints/damping = 1.0
joint_constraints/impulse_clamp = 0.0

[node name="CollisionShape3D" type="CollisionShape3D" parent="Armature/Skeleton3D/Physical Bone mixamorig_RightHandThumb3" index="0"]
transform = Transform3D(1, 0, 0, 0, 0, 1, 0, -1, 0, 0, 0, 0)
shape = SubResource("CapsuleShape3D_ey3ap")

[node name="Physical Bone mixamorig_RightHandIndex1" type="PhysicalBone3D" parent="Armature/Skeleton3D" index="30"]
transform = Transform3D(-0.905101, -0.416947, -0.0828775, 0.199495, -0.588762, 0.783231, -0.375354, 0.69239, 0.616097, -39.3198, -50.2115, -84.0948)
joint_type = 1
joint_offset = Transform3D(1, 0, 0, 0, 1, 0, 0, 0, 1, 0.00204206, 0.000530101, 4.39636)
body_offset = Transform3D(0.999949, 1.40667e-05, 1.01626e-05, 1.84029e-05, 0.999945, -3.8743e-06, -1.96695e-06, 1.66893e-06, 0.999948, -0.00208664, -0.000513077, -4.39613)
bone_name = "mixamorig_RightHandIndex1"
joint_constraints/bias = 0.3
joint_constraints/damping = 1.0
joint_constraints/impulse_clamp = 0.0

[node name="CollisionShape3D" type="CollisionShape3D" parent="Armature/Skeleton3D/Physical Bone mixamorig_RightHandIndex1" index="0"]
transform = Transform3D(1, 0, 0, 0, 0, 1, 0, -1, 0, 0, 0, 0)
shape = SubResource("CapsuleShape3D_m5trn")

[node name="Physical Bone mixamorig_RightHandIndex2" type="PhysicalBone3D" parent="Armature/Skeleton3D" index="31"]
transform = Transform3D(-0.905789, -0.421258, -0.0454489, 0.198891, -0.517455, 0.832268, -0.37412, 0.744828, 0.552497, -43.1223, -56.1373, -78.0813)
joint_type = 1
joint_offset = Transform3D(1, 0, 0, 0, 1, 0, 0, 0, 1, 0.00108698, 0.000383363, 5.03713)
body_offset = Transform3D(0.999989, -2.98023e-08, -7.15256e-07, -8.86619e-07, 0.999994, -1.13249e-06, -1.78814e-06, 1.13249e-06, 0.999995, -0.00108337, -0.000377655, -5.0371)
bone_name = "mixamorig_RightHandIndex2"
joint_constraints/bias = 0.3
joint_constraints/damping = 1.0
joint_constraints/impulse_clamp = 0.0

[node name="CollisionShape3D" type="CollisionShape3D" parent="Armature/Skeleton3D/Physical Bone mixamorig_RightHandIndex2" index="0"]
transform = Transform3D(1, 0, 0, 0, 0, 1, 0, -1, 0, 0, 0, 0)
shape = SubResource("CapsuleShape3D_urdae")

[node name="Physical Bone mixamorig_RightHandMiddle1" type="PhysicalBone3D" parent="Armature/Skeleton3D" index="32"]
transform = Transform3D(-0.946712, -0.0677179, 0.314845, 0.136398, 0.801302, 0.582493, -0.291734, 0.594402, -0.74938, -35.0713, -50.1828, -75.8734)
joint_type = 1
joint_offset = Transform3D(1, 0, 0, 0, 1, 0, 0, 0, 1, 0.00088285, -0.000438029, 4.69605)
body_offset = Transform3D(0.999989, -6.10948e-07, 1.27405e-06, -2.03401e-06, -8.04663e-07, -0.999998, -1.09524e-06, 0.999993, -9.53674e-07, -0.000888824, 4.69604, 0.000442505)
bone_name = "mixamorig_RightHandMiddle1"
joint_constraints/bias = 0.3
joint_constraints/damping = 1.0
joint_constraints/impulse_clamp = 0.0

[node name="CollisionShape3D" type="CollisionShape3D" parent="Armature/Skeleton3D/Physical Bone mixamorig_RightHandMiddle1" index="0"]
transform = Transform3D(1, 0, 0, 0, 0, 1, 0, -1, 0, 0, 0, 0)
shape = SubResource("CapsuleShape3D_lbfbr")

[node name="Physical Bone mixamorig_RightHandMiddle2" type="PhysicalBone3D" parent="Armature/Skeleton3D" index="33"]
transform = Transform3D(-0.968621, 0.0594368, 0.241245, 0.113277, 0.969808, 0.215855, -0.22112, 0.236411, -0.946143, -37.8488, -54.0812, -67.2563)
joint_type = 1
joint_offset = Transform3D(1, 0, 0, 0, 1, 0, 0, 0, 1, 0.00178587, -0.0012, 5.38663)
body_offset = Transform3D(0.999977, 9.79006e-06, -5.05708e-06, 7.26432e-06, 7.13766e-06, -0.99999, 2.23517e-08, 0.999976, 4.64916e-06, -0.00175858, 5.38658, 0.00117493)
bone_name = "mixamorig_RightHandMiddle2"
joint_constraints/bias = 0.3
joint_constraints/damping = 1.0
joint_constraints/impulse_clamp = 0.0

[node name="CollisionShape3D" type="CollisionShape3D" parent="Armature/Skeleton3D/Physical Bone mixamorig_RightHandMiddle2" index="0"]
transform = Transform3D(1, 0, 0, 0, 0, 1, 0, -1, 0, 0, 0, 0)
shape = SubResource("CapsuleShape3D_eccr0")

[node name="Physical Bone mixamorig_RightHandRing1" type="PhysicalBone3D" parent="Armature/Skeleton3D" index="34"]
transform = Transform3D(-0.974431, -0.0525685, 0.2177, 0.0841379, 0.814793, 0.573449, -0.207528, 0.577153, -0.789644, -28.4938, -50.8013, -74.238)
joint_type = 1
joint_offset = Transform3D(1, 0, 0, 0, 1, 0, 0, 0, 1, 0.000822383, -0.000779273, 4.69732)
body_offset = Transform3D(0.999832, 3.2112e-06, 1.18092e-06, 1.32769e-05, -5.29289e-05, -0.999887, 9.46224e-07, 0.999879, 2.08616e-07, -0.000827789, 4.69679, 0.000778198)
bone_name = "mixamorig_RightHandRing1"
joint_constraints/bias = 0.3
joint_constraints/damping = 1.0
joint_constraints/impulse_clamp = 0.0

[node name="CollisionShape3D" type="CollisionShape3D" parent="Armature/Skeleton3D/Physical Bone mixamorig_RightHandRing1" index="0"]
