[gd_scene load_steps=46 format=3 uid="uid://hy1hi0je2cns"]

[ext_resource type="PackedScene" uid="uid://cqyuhexnbhsd4" path="res://assets/zombie.glb" id="1_rmvpp"]

[sub_resource type="CapsuleShape3D" id="CapsuleShape3D_nrrtd"]
radius = 1.27814
height = 12.7814

[sub_resource type="CapsuleShape3D" id="CapsuleShape3D_ue876"]
radius = 0.879264
height = 8.79264

[sub_resource type="CapsuleShape3D" id="CapsuleShape3D_poeyx"]
radius = 0.865112
height = 8.65112

[sub_resource type="CapsuleShape3D" id="CapsuleShape3D_qngjy"]
radius = 2.12592
height = 21.2592

[sub_resource type="CapsuleShape3D" id="CapsuleShape3D_8o7la"]
radius = 2.09825
height = 20.9825

[sub_resource type="CapsuleShape3D" id="CapsuleShape3D_psy4q"]
radius = 3.50347
height = 35.0347

[sub_resource type="CapsuleShape3D" id="CapsuleShape3D_jh25d"]
radius = 1.21385
height = 12.1385

[sub_resource type="CapsuleShape3D" id="CapsuleShape3D_bud4c"]
radius = 1.84696
height = 18.4696

[sub_resource type="CapsuleShape3D" id="CapsuleShape3D_ymf1c"]
radius = 2.95088
height = 29.5088

[sub_resource type="CapsuleShape3D" id="CapsuleShape3D_x6w6h"]
radius = 1.43767
height = 14.3767

[sub_resource type="CapsuleShape3D" id="CapsuleShape3D_yu8a2"]
radius = 0.633226
height = 6.33226

[sub_resource type="CapsuleShape3D" id="CapsuleShape3D_a52gj"]
radius = 0.598994
height = 5.98994

[sub_resource type="CapsuleShape3D" id="CapsuleShape3D_hbbvi"]
radius = 0.574295
height = 5.74295

[sub_resource type="CapsuleShape3D" id="CapsuleShape3D_w2w4c"]
radius = 0.879287
height = 8.79287

[sub_resource type="CapsuleShape3D" id="CapsuleShape3D_k7ne1"]
radius = 1.00751
height = 10.0751

[sub_resource type="CapsuleShape3D" id="CapsuleShape3D_ubqho"]
radius = 0.9394
height = 9.394

[sub_resource type="CapsuleShape3D" id="CapsuleShape3D_qhxdl"]
radius = 1.07719
height = 10.7719

[sub_resource type="CapsuleShape3D" id="CapsuleShape3D_piimp"]
radius = 0.93938
height = 9.3938

[sub_resource type="CapsuleShape3D" id="CapsuleShape3D_0aode"]
radius = 0.992853
height = 9.92853

[sub_resource type="CapsuleShape3D" id="CapsuleShape3D_ogfdk"]
radius = 0.842511
height = 8.42511

[sub_resource type="CapsuleShape3D" id="CapsuleShape3D_nfwoj"]
radius = 0.814698
height = 8.14698

[sub_resource type="CapsuleShape3D" id="CapsuleShape3D_cn0ip"]
radius = 1.21386
height = 12.1386

[sub_resource type="CapsuleShape3D" id="CapsuleShape3D_dgobd"]
radius = 1.84696
height = 18.4696

[sub_resource type="CapsuleShape3D" id="CapsuleShape3D_i3m68"]
radius = 2.95089
height = 29.5089

[sub_resource type="CapsuleShape3D" id="CapsuleShape3D_eptc0"]
radius = 1.43767
height = 14.3767

[sub_resource type="CapsuleShape3D" id="CapsuleShape3D_v54io"]
radius = 0.633229
height = 6.33229

[sub_resource type="CapsuleShape3D" id="CapsuleShape3D_mfs1x"]
radius = 0.599004
height = 5.99004

[sub_resource type="CapsuleShape3D" id="CapsuleShape3D_ey3ap"]
radius = 0.574305
height = 5.74305

[sub_resource type="CapsuleShape3D" id="CapsuleShape3D_m5trn"]
radius = 0.879249
height = 8.79249

[sub_resource type="CapsuleShape3D" id="CapsuleShape3D_urdae"]
radius = 1.0076
height = 10.076

[sub_resource type="CapsuleShape3D" id="CapsuleShape3D_lbfbr"]
radius = 0.939372
height = 9.39372

[sub_resource type="CapsuleShape3D" id="CapsuleShape3D_eccr0"]
radius = 1.0772
height = 10.772

[sub_resource type="CapsuleShape3D" id="CapsuleShape3D_6m5qi"]
radius = 0.93942
height = 9.3942

[sub_resource type="CapsuleShape3D" id="CapsuleShape3D_2hy0i"]
radius = 0.9928
height = 9.928

[sub_resource type="CapsuleShape3D" id="CapsuleShape3D_ujo7d"]
radius = 0.842508
height = 8.42509

[sub_resource type="CapsuleShape3D" id="CapsuleShape3D_v6vud"]
radius = 0.81467
height = 8.1467

[sub_resource type="CapsuleShape3D" id="CapsuleShape3D_7i8cp"]
radius = 3.25338
height = 32.5338

[sub_resource type="CapsuleShape3D" id="CapsuleShape3D_q6nso"]
radius = 4.8648
height = 48.648

[sub_resource type="CapsuleShape3D" id="CapsuleShape3D_mklxe"]
radius = 2.9
height = 29.0

[sub_resource type="CapsuleShape3D" id="CapsuleShape3D_2txsr"]
radius = 2.35123
height = 23.5123

[sub_resource type="CapsuleShape3D" id="CapsuleShape3D_h5ycm"]
radius = 3.25338
height = 32.5338

[sub_resource type="CapsuleShape3D" id="CapsuleShape3D_pklyj"]
radius = 4.86481
height = 48.6481

[sub_resource type="CapsuleShape3D" id="CapsuleShape3D_iqppb"]
radius = 2.9
height = 29.0

[sub_resource type="CapsuleShape3D" id="CapsuleShape3D_mjgw2"]
radius = 2.3512
height = 23.512

[node name="zombie" instance=ExtResource("1_rmvpp")]

[node name="Skeleton3D" parent="Armature" index="0"]
bones/0/position = Vector3(1.06565, -0.598296, -91.4169)
bones/0/rotation = Quaternion(-0.587001, -0.340607, 0.387516, 0.623897)
bones/1/rotation = Quaternion(0.135506, 0.00210707, -0.0373911, 0.990069)
bones/2/rotation = Quaternion(0.0487468, 0.00600503, -0.0241723, 0.998501)
bones/3/rotation = Quaternion(0.0489179, 0.00687256, -0.0246491, 0.998475)
bones/4/position = Vector3(-1.91107e-06, 21.2425, -0.842546)
bones/4/rotation = Quaternion(-0.0312684, 0.0135646, 0.0322809, 0.998897)
bones/5/rotation = Quaternion(-0.144627, 0.456624, -0.0616047, 0.875661)
bones/9/position = Vector3(6.57022, 17.5956, -2.76177)
bones/9/rotation = Quaternion(-0.609892, -0.391912, 0.569242, -0.387816)
bones/10/position = Vector3(-1.64718e-05, 12.1385, 2.30985e-06)
bones/10/rotation = Quaternion(0.26931, -0.384079, -0.0652466, 0.880737)
bones/11/position = Vector3(1.08823e-06, 18.4696, 1.57036e-05)
bones/11/rotation = Quaternion(-0.00184518, 0.00199609, 0.397223, 0.917718)
bones/12/position = Vector3(9.50838e-07, 29.5088, -2.75606e-06)
bones/12/rotation = Quaternion(-0.0035828, -0.0898499, 0.000851014, 0.995948)
bones/13/position = Vector3(-9.22383, 10.7665, 2.38622)
bones/13/rotation = Quaternion(0.327132, 0.401068, 0.28285, 0.807543)
bones/14/position = Vector3(-8.46388e-06, 6.33227, -7.09294e-06)
bones/14/rotation = Quaternion(-0.050486, -0.00232901, -0.264739, 0.962995)
bones/15/position = Vector3(8.04636e-07, 5.98994, -6.0126e-06)
bones/15/rotation = Quaternion(-0.113953, -0.00825039, -0.379975, 0.917914)
bones/16/position = Vector3(5.2452e-06, 5.74295, -7.01846e-06)
bones/17/rotation = Quaternion(0.506525, 0.0390851, -0.0517804, 0.859781)
bones/18/position = Vector3(-1.34466e-05, 8.79286, -4.10313e-06)
bones/18/rotation = Quaternion(0.6997, 0.0038385, -0.0976557, 0.707721)
bones/19/position = Vector3(-6.58097e-07, 10.0751, 2.98611e-06)
bones/20/position = Vector3(0.00153214, 25.7911, 0.0166866)
bones/20/rotation = Quaternion(0.520379, -0.0387399, -0.0242902, 0.85271)
bones/21/position = Vector3(-4.61033e-06, 9.39401, 8.46929e-06)
bones/21/rotation = Quaternion(0.679349, -0.00410188, -0.114661, 0.72479)
bones/23/position = Vector3(6.22733, 24.6876, -0.127848)
bones/23/rotation = Quaternion(0.5085, -0.111889, -0.0355891, 0.85302)
bones/24/position = Vector3(-2.06111e-06, 9.39379, -4.36394e-06)
bones/24/rotation = Quaternion(0.542614, 0.0162412, -0.109736, 0.832625)
bones/25/position = Vector3(-5.91577e-06, 9.92853, -6.01738e-06)
bones/26/rotation = Quaternion(0.443789, -0.19442, -0.0471069, 0.873518)
bones/27/position = Vector3(-9.21824e-06, 8.42512, -6.00067e-06)
bones/27/rotation = Quaternion(0.666135, 0.0061195, -0.107554, 0.73801)
bones/28/position = Vector3(8.39746e-06, 8.14697, 1.8987e-06)
bones/29/position = Vector3(-6.57023, 17.5958, -2.76177)
bones/29/rotation = Quaternion(0.612714, -0.388347, 0.540002, 0.42681)
bones/30/position = Vector3(-1.48566e-06, 12.1386, -1.03468e-05)
bones/30/rotation = Quaternion(0.356254, -0.0158296, 0.102411, 0.928625)
bones/31/position = Vector3(6.61853e-06, 18.4696, 6.51128e-06)
bones/31/rotation = Quaternion(0.0845611, 0.138606, -0.330142, 0.929862)
bones/32/rotation = Quaternion(-0.171364, 0.246408, -0.0507381, 0.952546)
bones/33/position = Vector3(9.22384, 10.7664, 2.38602)
bones/33/rotation = Quaternion(0.3041, -0.00950039, -0.216693, 0.927619)
bones/34/position = Vector3(-9.29859e-06, 6.33221, 3.80863e-06)
bones/34/rotation = Quaternion(-0.0461411, 0.028106, 0.215085, 0.9751)
bones/35/position = Vector3(2.39001e-07, 5.99007, 5.24563e-06)
bones/35/rotation = Quaternion(0.017983, -0.006257, -0.135547, 0.990588)
bones/37/position = Vector3(6.40379, 26.4943, -0.170988)
bones/37/rotation = Quaternion(0.00675387, 0.00044955, -0.00461737, 0.999966)
bones/38/position = Vector3(-8.84252e-07, 8.7925, 7.31106e-07)
bones/38/rotation = Quaternion(0.0443037, -0.000138644, 0.000764899, 0.999018)
bones/39/position = Vector3(1.44617e-07, 10.076, 7.55305e-06)
bones/40/position = Vector3(-0.00152334, 25.7911, 0.0160114)
bones/40/rotation = Quaternion(0.0226731, -0.00188573, 0.0517075, 0.998403)
bones/41/position = Vector3(3.74826e-06, 9.39371, 1.04949e-05)
bones/41/rotation = Quaternion(0.207755, -0.00457679, 0.0384575, 0.977414)
bones/42/position = Vector3(-5.20062e-06, 10.772, 2.04951e-06)
bones/43/position = Vector3(-6.22733, 24.6876, -0.127986)
bones/43/rotation = Quaternion(0.0352971, -0.00677902, 0.102741, 0.994059)
bones/44/rotation = Quaternion(0.231651, -0.0075814, 0.0356221, 0.972117)
bones/46/position = Vector3(-12.817, 23.682, -0.108982)
bones/46/rotation = Quaternion(0.0944769, -0.00183798, 0.167468, 0.981339)
bones/47/position = Vector3(1.68855e-06, 8.42509, 7.32616e-07)
bones/47/rotation = Quaternion(0.162941, -0.0258445, 0.0230344, 0.986028)
bones/48/position = Vector3(2.78891e-06, 8.1467, 9.7565e-07)
bones/49/position = Vector3(11.3941, -6.18782, -0.413819)
bones/49/rotation = Quaternion(0.144513, 0.362741, 0.903669, -0.175831)
bones/50/position = Vector3(-1.05913e-07, 32.5338, 1.71682e-06)
bones/50/rotation = Quaternion(-0.417069, 0.0561293, -0.00626618, 0.907118)
bones/51/rotation = Quaternion(0.511418, -0.0991071, -0.0591298, 0.851548)
bones/52/position = Vector3(3.21333e-06, 29, 1.13524e-06)
bones/52/rotation = Quaternion(0.314717, -0.0550973, -0.0122415, 0.947506)
bones/54/position = Vector3(-11.3941, -6.18779, -0.413816)
bones/54/rotation = Quaternion(-0.21063, 0.281638, 0.90468, 0.240559)
bones/55/position = Vector3(-2.1326e-06, 32.5338, -1.90962e-06)
bones/55/rotation = Quaternion(-0.410313, -0.0356332, -0.0261003, 0.910874)
bones/56/rotation = Quaternion(0.547484, 0.12365, 0.111418, 0.820096)
bones/57/rotation = Quaternion(0.299829, 0.0519718, 0.0121257, 0.952499)

[node name="Physical Bone mixamorig_Hips" type="PhysicalBone3D" parent="Armature/Skeleton3D" index="2"]
transform = Transform3D(-0.460844, 0.881185, 0.105432, -0.886985, -0.461261, -0.0219063, 0.0293289, -0.103611, 0.994181, 0.391811, -0.458329, -97.7681)
joint_offset = Transform3D(1, 0, 0, 0, 1, 0, 0, 0, 1, -0.00011568, 0.000263825, 6.38848)
body_offset = Transform3D(-0.99996, 0.0076912, 0.000188179, 3.25032e-07, 0.0246643, -0.999691, -0.00769714, -0.999658, -0.0246643, -0.00131989, 6.38651, 0.15783)
bone_name = "mixamorig_Hips"

[node name="CollisionShape3D" type="CollisionShape3D" parent="Armature/Skeleton3D/Physical Bone mixamorig_Hips" index="0"]
transform = Transform3D(1, 0, 0, 0, 0, 1, 0, -1, 0, 0, 0, 0)
shape = SubResource("CapsuleShape3D_nrrtd")

[node name="Physical Bone mixamorig_Spine" type="PhysicalBone3D" parent="Armature/Skeleton3D" index="3"]
transform = Transform3D(0.48506, -0.827916, 0.281428, 0.873446, 0.443156, -0.201637, 0.0422223, 0.343618, 0.938121, -1.51865, 0.567529, -108.247)
joint_type = 1
joint_offset = Transform3D(1, 0, 0, 0, 1, 0, 0, 0, 1, 0.000232476, 0.00037738, 4.3951)
body_offset = Transform3D(0.999987, 9.53674e-07, -4.91738e-07, -1.19209e-07, 1.2666e-06, -0.999965, -8.73208e-06, 0.999952, 1.80304e-06, -0.000230312, 4.39495, -0.000385284)
bone_name = "mixamorig_Spine"
joint_constraints/bias = 0.3
joint_constraints/damping = 1.0
joint_constraints/impulse_clamp = 0.0

[node name="CollisionShape3D" type="CollisionShape3D" parent="Armature/Skeleton3D/Physical Bone mixamorig_Spine" index="0"]
transform = Transform3D(1, 0, 0, 0, 0, 1, 0, -1, 0, 0, 0, 0)
shape = SubResource("CapsuleShape3D_ue876")

[node name="Physical Bone mixamorig_Spine1" type="PhysicalBone3D" parent="Armature/Skeleton3D" index="4"]
transform = Transform3D(0.509745, -0.791788, 0.336363, 0.856382, 0.42976, -0.286077, 0.0819793, 0.433968, 0.897117, -4.21125, 2.69194, -116.253)
joint_type = 1
joint_offset = Transform3D(1, 0, 0, 0, 1, 0, 0, 0, 1, -8.11688e-06, 0.000117798, 4.32511)
body_offset = Transform3D(0.999975, 3.99351e-06, 1.26809e-05, -5.66244e-07, 6.4522e-06, -0.9999, 1.66893e-06, 0.999976, 5.30258e-05, -4.673e-05, 4.32468, -0.000347137)
bone_name = "mixamorig_Spine1"
joint_constraints/bias = 0.3
joint_constraints/damping = 1.0
joint_constraints/impulse_clamp = 0.0

[node name="CollisionShape3D" type="CollisionShape3D" parent="Armature/Skeleton3D/Physical Bone mixamorig_Spine1" index="0"]
transform = Transform3D(1, 0, 0, 0, 0, 1, 0, -1, 0, 0, 0, 0)
shape = SubResource("CapsuleShape3D_poeyx")

[node name="Physical Bone mixamorig_Spine2" type="PhysicalBone3D" parent="Armature/Skeleton3D" index="5"]
transform = Transform3D(0.538187, -0.763899, 0.356061, 0.834438, 0.423608, -0.352478, 0.118434, 0.486821, 0.865429, -9.45167, 7.67584, -129.332)
joint_type = 1
joint_offset = Transform3D(1, 0, 0, 0, 1, 0, 0, 0, 1, 0.000536809, -0.0001854, 10.6279)
body_offset = Transform3D(0.999979, 3.36766e-06, -3.12924e-06, -4.91738e-06, 0.0396297, -0.999208, 6.91414e-06, 0.999205, 0.0396312, -0.00050354, 10.6195, -0.421013)
bone_name = "mixamorig_Spine2"
joint_constraints/bias = 0.3
joint_constraints/damping = 1.0
joint_constraints/impulse_clamp = 0.0

[node name="CollisionShape3D" type="CollisionShape3D" parent="Armature/Skeleton3D/Physical Bone mixamorig_Spine2" index="0"]
transform = Transform3D(1, 0, 0, 0, 0, 1, 0, -1, 0, 0, 0, 0)
shape = SubResource("CapsuleShape3D_qngjy")

[node name="Physical Bone mixamorig_Neck" type="PhysicalBone3D" parent="Armature/Skeleton3D" index="6"]
transform = Transform3D(-0.534114, 0.651952, 0.538182, -0.843949, -0.374183, -0.384301, -0.0491701, -0.659477, 0.750096, -18.8826, 15.4545, -146.401)
joint_type = 1
joint_offset = Transform3D(1, 0, 0, 0, 1, 0, 0, 0, 1, -0.000408885, 0.000596762, 10.4895)
body_offset = Transform3D(-0.999973, -1.16229e-06, -1.43051e-06, 3.78489e-06, 0.230369, -0.973089, 5.96046e-07, -0.973085, -0.230367, -0.000393867, 10.2071, 2.41703)
bone_name = "mixamorig_Neck"
joint_constraints/bias = 0.3
joint_constraints/damping = 1.0
joint_constraints/impulse_clamp = 0.0

[node name="CollisionShape3D" type="CollisionShape3D" parent="Armature/Skeleton3D/Physical Bone mixamorig_Neck" index="0"]
transform = Transform3D(1, 0, 0, 0, 0, 1, 0, -1, 0, 0, 0, 0)
shape = SubResource("CapsuleShape3D_8o7la")

[node name="Physical Bone mixamorig_Head" type="PhysicalBone3D" parent="Armature/Skeleton3D" index="7"]
transform = Transform3D(-0.989942, 0.0277081, 0.138635, -0.0626426, -0.965037, -0.254429, 0.126746, -0.26056, 0.957081, -26.957, 23.9428, -171.033)
joint_type = 1
joint_offset = Transform3D(1, 0, 0, 0, 1, 0, 0, 0, 1, 0.000230914, -0.000163317, 17.513)
body_offset = Transform3D(-0.999987, 7.89762e-07, -3.28757e-06, -1.47428e-06, 0.143806, -0.989585, 1.20699e-06, -0.989584, -0.143804, 0.000288486, 17.3306, 2.51827)
bone_name = "mixamorig_Head"
joint_constraints/bias = 0.3
joint_constraints/damping = 1.0
joint_constraints/impulse_clamp = 0.0

[node name="CollisionShape3D" type="CollisionShape3D" parent="Armature/Skeleton3D/Physical Bone mixamorig_Head" index="0"]
transform = Transform3D(1, 0, 0, 0, 0, 1, 0, -1, 0, 0, 0, 0)
shape = SubResource("CapsuleShape3D_psy4q")

[node name="Physical Bone mixamorig_LeftShoulder" type="PhysicalBone3D" parent="Armature/Skeleton3D" index="8"]
transform = Transform3D(0.75789, 0.183079, -0.626127, -0.357801, -0.685853, -0.633696, -0.545432, 0.704318, -0.454337, -3.05516, 18.6172, -132.912)
joint_type = 1
joint_offset = Transform3D(1, 0, 0, 0, 1, 0, 0, 0, 1, 9.22193e-05, -0.0038569, 6.06748)
body_offset = Transform3D(0.999958, -3.93391e-06, 8.06153e-06, -2.78652e-06, -1.10269e-06, -1.00001, -4.02331e-07, 0.999988, -6.88434e-06, -0.000141144, 6.06757, 0.00389862)
bone_name = "mixamorig_LeftShoulder"
joint_constraints/bias = 0.3
joint_constraints/damping = 1.0
joint_constraints/impulse_clamp = 0.0

[node name="CollisionShape3D" type="CollisionShape3D" parent="Armature/Skeleton3D/Physical Bone mixamorig_LeftShoulder" index="0"]
transform = Transform3D(1, 0, 0, 0, 0, 1, 0, -1, 0, 0, 0, 0)
shape = SubResource("CapsuleShape3D_jh25d")

[node name="Physical Bone mixamorig_LeftArm" type="PhysicalBone3D" parent="Armature/Skeleton3D" index="9"]
transform = Transform3D(0.443783, 0.556302, -0.702513, -0.892998, 0.209534, -0.398206, -0.0743205, 0.80411, 0.589778, 7.23224, 26.1442, -135.601)
joint_type = 1
joint_offset = Transform3D(1, 0, 0, 0, 1, 0, 0, 0, 1, 0.00039011, -0.000626909, 9.23353)
body_offset = Transform3D(0.999956, -3.48687e-06, -1.96695e-06, 5.0962e-06, 0.999984, -2.33948e-06, 2.563e-06, 1.55717e-06, 0.999966, -0.000371933, 0.000648499, -9.23322)
bone_name = "mixamorig_LeftArm"
joint_constraints/bias = 0.3
joint_constraints/damping = 1.0
joint_constraints/impulse_clamp = 0.0

[node name="CollisionShape3D" type="CollisionShape3D" parent="Armature/Skeleton3D/Physical Bone mixamorig_LeftArm" index="0"]
transform = Transform3D(1, 0, 0, 0, 0, 1, 0, -1, 0, 0, 0, 0)
shape = SubResource("CapsuleShape3D_bud4c")

[node name="Physical Bone mixamorig_LeftForeArm" type="PhysicalBone3D" parent="Armature/Skeleton3D" index="10"]
transform = Transform3D(0.712926, 0.058301, -0.698759, -0.456394, 0.795228, -0.39912, 0.532351, 0.603479, 0.59361, 21.3298, 32.2258, -124.062)
joint_type = 1
joint_offset = Transform3D(1, 0, 0, 0, 1, 0, 0, 0, 1, -8.39438e-05, -0.000381273, 14.754)
body_offset = Transform3D(0.999978, -0.000110954, 1.54972e-06, 3.8743e-07, 0.999987, 3.60608e-06, -9.98378e-07, 9.78708e-05, 0.999967, 6.10352e-05, 0.000328064, -14.7535)
bone_name = "mixamorig_LeftForeArm"
joint_constraints/bias = 0.3
joint_constraints/damping = 1.0
joint_constraints/impulse_clamp = 0.0

[node name="CollisionShape3D" type="CollisionShape3D" parent="Armature/Skeleton3D/Physical Bone mixamorig_LeftForeArm" index="0"]
transform = Transform3D(1, 0, 0, 0, 0, 1, 0, -1, 0, 0, 0, 0)
shape = SubResource("CapsuleShape3D_ymf1c")

[node name="Physical Bone mixamorig_LeftHand" type="PhysicalBone3D" parent="Armature/Skeleton3D" index="11"]
transform = Transform3D(0.644327, 0.61237, 0.458053, 0.42558, 0.210518, -0.880073, -0.635375, 0.762004, -0.124974, 9.44997, 56.1268, -96.5954)
joint_type = 1
joint_offset = Transform3D(1, 0, 0, 0, 1, 0, 0, 0, 1, 0.00420439, 0.000211194, 7.18743)
body_offset = Transform3D(-0.250435, 0.725001, 0.641572, -2.11596e-06, 0.662694, -0.748868, -0.968122, -0.187546, -0.165961, -4.61035, 5.38229, 1.19695)
bone_name = "mixamorig_LeftHand"
joint_constraints/bias = 0.3
joint_constraints/damping = 1.0
joint_constraints/impulse_clamp = 0.0

[node name="CollisionShape3D" type="CollisionShape3D" parent="Armature/Skeleton3D/Physical Bone mixamorig_LeftHand" index="0"]
transform = Transform3D(1, 0, 0, 0, 0, 1, 0, -1, 0, 0, 0, 0)
shape = SubResource("CapsuleShape3D_x6w6h")

[node name="Physical Bone mixamorig_LeftHandThumb1" type="PhysicalBone3D" parent="Armature/Skeleton3D" index="12"]
transform = Transform3D(0.720892, -0.688035, 0.0829823, 0.446909, 0.37003, -0.814441, 0.529675, 0.624218, 0.574257, 5.89748, 65.0345, -97.5169)
joint_type = 1
joint_offset = Transform3D(1, 0, 0, 0, 1, 0, 0, 0, 1, -0.000788224, 0.0002031, 3.16574)
body_offset = Transform3D(0.999984, -2.5332e-07, 5.57303e-06, 2.89083e-06, 0.999982, -3.9041e-06, 3.39746e-06, 2.563e-06, 0.999986, 0.000770569, -0.000190735, -3.1657)
bone_name = "mixamorig_LeftHandThumb1"
joint_constraints/bias = 0.3
joint_constraints/damping = 1.0
joint_constraints/impulse_clamp = 0.0

[node name="CollisionShape3D" type="CollisionShape3D" parent="Armature/Skeleton3D/Physical Bone mixamorig_LeftHandThumb1" index="0"]
transform = Transform3D(1, 0, 0, 0, 0, 1, 0, -1, 0, 0, 0, 0)
shape = SubResource("CapsuleShape3D_yu8a2")

[node name="Physical Bone mixamorig_LeftHandThumb2" type="PhysicalBone3D" parent="Armature/Skeleton3D" index="13"]
transform = Transform3D(0.973051, -0.228311, 0.0308511, 0.170242, 0.622446, -0.763882, 0.155213, 0.748608, 0.644557, 1.70957, 67.0859, -93.677)
joint_type = 1
joint_offset = Transform3D(1, 0, 0, 0, 1, 0, 0, 0, 1, 0.000764308, 0.00054738, 2.99427)
body_offset = Transform3D(0.999951, -7.52509e-07, 1.38879e-05, 2.20537e-06, 0.99999, -6.25849e-07, 3.8743e-06, 2.23517e-06, 0.999961, -0.000805855, -0.000545502, -2.99416)
bone_name = "mixamorig_LeftHandThumb2"
joint_constraints/bias = 0.3
joint_constraints/damping = 1.0
joint_constraints/impulse_clamp = 0.0

[node name="CollisionShape3D" type="CollisionShape3D" parent="Armature/Skeleton3D/Physical Bone mixamorig_LeftHandThumb2" index="0"]
transform = Transform3D(1, 0, 0, 0, 0, 1, 0, -1, 0, 0, 0, 0)
shape = SubResource("CapsuleShape3D_a52gj")

[node name="Physical Bone mixamorig_LeftHandThumb3" type="PhysicalBone3D" parent="Armature/Skeleton3D" index="14"]
transform = Transform3D(0.853893, 0.517905, 0.0503501, -0.389681, 0.700633, -0.597597, -0.344817, 0.49074, 0.800033, 0.290787, 70.2426, -89.5604)
joint_type = 1
joint_offset = Transform3D(1, 0, 0, 0, 1, 0, 0, 0, 1, -0.000939196, 0.000814677, 2.87153)
body_offset = Transform3D(0.999942, 1.93715e-06, -1.2368e-05, -5.24521e-06, 0.99997, -3.39746e-06, 1.29342e-05, -8.28505e-06, 0.999855, 0.000974655, -0.000804901, -2.87112)
bone_name = "mixamorig_LeftHandThumb3"
joint_constraints/bias = 0.3
joint_constraints/damping = 1.0
joint_constraints/impulse_clamp = 0.0

[node name="CollisionShape3D" type="CollisionShape3D" parent="Armature/Skeleton3D/Physical Bone mixamorig_LeftHandThumb3" index="0"]
transform = Transform3D(1, 0, 0, 0, 0, 1, 0, -1, 0, 0, 0, 0)
shape = SubResource("CapsuleShape3D_hbbvi")

[node name="Physical Bone mixamorig_LeftHandIndex1" type="PhysicalBone3D" parent="Armature/Skeleton3D" index="15"]
transform = Transform3D(0.666022, -0.601875, -0.440583, -0.517167, 0.0530273, -0.854222, 0.537503, 0.796787, -0.275973, 12.7931, 78.0893, -84.5513)
joint_type = 1
joint_offset = Transform3D(1, 0, 0, 0, 1, 0, 0, 0, 1, -0.000542387, -9.33564e-05, 4.39577)
body_offset = Transform3D(0.999978, -1.2055e-05, -1.57952e-06, 1.25915e-06, 0.999968, 4.09782e-07, 2.32458e-06, -1.31316e-05, 0.999985, 0.000549316, 9.15527e-05, -4.3957)
bone_name = "mixamorig_LeftHandIndex1"
joint_constraints/bias = 0.3
joint_constraints/damping = 1.0
joint_constraints/impulse_clamp = 0.0

[node name="CollisionShape3D" type="CollisionShape3D" parent="Armature/Skeleton3D/Physical Bone mixamorig_LeftHandIndex1" index="0"]
transform = Transform3D(1, 0, 0, 0, 0, 1, 0, -1, 0, 0, 0, 0)
shape = SubResource("CapsuleShape3D_w2w4c")

[node name="Physical Bone mixamorig_LeftHandIndex2" type="PhysicalBone3D" parent="Armature/Skeleton3D" index="16"]
transform = Transform3D(0.795871, -0.341437, 0.499981, -0.392956, -0.919539, -0.00240039, 0.460595, -0.194521, -0.866026, 3.04559, 74.8124, -74.3956)
joint_type = 1
joint_offset = Transform3D(1, 0, 0, 0, 1, 0, 0, 0, 1, -0.000675887, -0.000203116, 5.03747)
body_offset = Transform3D(0.999986, 2.98023e-07, -2.18264e-05, 2.5332e-06, 0.999985, -4.60073e-05, -1.41718e-06, 1.17184e-06, 0.999994, 0.000785828, 0.000434875, -5.03745)
bone_name = "mixamorig_LeftHandIndex2"
joint_constraints/bias = 0.3
joint_constraints/damping = 1.0
joint_constraints/impulse_clamp = 0.0

[node name="CollisionShape3D" type="CollisionShape3D" parent="Armature/Skeleton3D/Physical Bone mixamorig_LeftHandIndex2" index="0"]
transform = Transform3D(1, 0, 0, 0, 0, 1, 0, -1, 0, 0, 0, 0)
shape = SubResource("CapsuleShape3D_k7ne1")

[node name="Physical Bone mixamorig_LeftHandMiddle1" type="PhysicalBone3D" parent="Armature/Skeleton3D" index="17"]
transform = Transform3D(0.53572, -0.479275, 0.695155, -0.594153, -0.798936, -0.0928567, 0.599934, -0.363273, -0.712771, 11.0864, 70.8296, -78.701)
joint_type = 1
joint_offset = Transform3D(1, 0, 0, 0, 1, 0, 0, 0, 1, -1.40418e-05, -0.000497852, 4.69707)
body_offset = Transform3D(0.999967, -2.02656e-06, -3.59938e-05, -1.00583e-07, -2.45869e-07, -0.999952, -4.05312e-06, 0.999985, -5.40018e-05, 0.000183105, 4.69685, 0.000751495)
bone_name = "mixamorig_LeftHandMiddle1"
joint_constraints/bias = 0.3
joint_constraints/damping = 1.0
joint_constraints/impulse_clamp = 0.0

[node name="CollisionShape3D" type="CollisionShape3D" parent="Armature/Skeleton3D/Physical Bone mixamorig_LeftHandMiddle1" index="0"]
transform = Transform3D(1, 0, 0, 0, 0, 1, 0, -1, 0, 0, 0, 0)
shape = SubResource("CapsuleShape3D_ubqho")

[node name="Physical Bone mixamorig_LeftHandMiddle2" type="PhysicalBone3D" parent="Armature/Skeleton3D" index="18"]
transform = Transform3D(0.71284, 0.560404, 0.421548, -0.474771, -0.0567982, 0.878193, 0.516139, -0.826252, 0.225571, 5.55078, 66.536, -76.5683)
joint_type = 1
joint_offset = Transform3D(1, 0, 0, 0, 1, 0, 0, 0, 1, -7.60053e-05, -0.000599367, 5.38694)
body_offset = Transform3D(0.999974, -2.86102e-06, -1.13845e-05, 6.55651e-06, 9.56282e-06, -0.999904, -1.33161e-05, 0.999986, -1.12467e-05, 0.000137329, 5.38642, 0.000659943)
bone_name = "mixamorig_LeftHandMiddle2"
joint_constraints/bias = 0.3
joint_constraints/damping = 1.0
joint_constraints/impulse_clamp = 0.0

[node name="CollisionShape3D" type="CollisionShape3D" parent="Armature/Skeleton3D/Physical Bone mixamorig_LeftHandMiddle2" index="0"]
transform = Transform3D(1, 0, 0, 0, 0, 1, 0, -1, 0, 0, 0, 0)
shape = SubResource("CapsuleShape3D_qhxdl")

[node name="Physical Bone mixamorig_LeftHandRing1" type="PhysicalBone3D" parent="Armature/Skeleton3D" index="19"]
transform = Transform3D(0.423625, -0.55785, 0.713671, -0.69091, -0.708493, -0.14368, 0.585799, -0.432207, -0.685576, 14.6385, 67.0017, -75.6292)
joint_type = 1
joint_offset = Transform3D(1, 0, 0, 0, 1, 0, 0, 0, 1, -0.00137742, -0.000121179, 4.69611)
body_offset = Transform3D(0.999987, -1.3113e-06, -1.21221e-05, -1.05053e-06, -1.2666e-07, -0.999993, 2.98023e-07, 0.999981, -1.48118e-05, 0.00143433, 4.69608, 0.000190735)
bone_name = "mixamorig_LeftHandRing1"
joint_constraints/bias = 0.3
joint_constraints/damping = 1.0
joint_constraints/impulse_clamp = 0.0

[node name="CollisionShape3D" type="CollisionShape3D" parent="Armature/Skeleton3D/Physical Bone mixamorig_LeftHandRing1" index="0"]
transform = Transform3D(1, 0, 0, 0, 0, 1, 0, -1, 0, 0, 0, 0)
shape = SubResource("CapsuleShape3D_piimp")

[node name="Physical Bone mixamorig_LeftHandRing2" type="PhysicalBone3D" parent="Armature/Skeleton3D" index="20"]
transform = Transform3D(0.612532, 0.379349, 0.693412, -0.59407, -0.357681, 0.720459, 0.521326, -0.853302, 0.00626622, 7.8438, 64.1004, -72.4406)
joint_type = 1
joint_offset = Transform3D(1, 0, 0, 0, 1, 0, 0, 0, 1, -0.00089617, -0.000782304, 4.96445)
body_offset = Transform3D(0.999947, 3.48687e-06, -8.34465e-07, -1.87755e-06, -7.7486e-07, -0.99996, -1.01328e-06, 0.999983, 3.12924e-06, 0.000900269, 4.96426, 0.000766754)
bone_name = "mixamorig_LeftHandRing2"
joint_constraints/bias = 0.3
joint_constraints/damping = 1.0
joint_constraints/impulse_clamp = 0.0

[node name="CollisionShape3D" type="CollisionShape3D" parent="Armature/Skeleton3D/Physical Bone mixamorig_LeftHandRing2" index="0"]
transform = Transform3D(1, 0, 0, 0, 0, 1, 0, -1, 0, 0, 0, 0)
shape = SubResource("CapsuleShape3D_0aode")

[node name="Physical Bone mixamorig_LeftHandPinky1" type="PhysicalBone3D" parent="Armature/Skeleton3D" index="21"]
transform = Transform3D(0.271713, -0.699617, 0.660802, -0.771587, -0.568715, -0.284891, 0.57514, -0.432457, -0.694375, 18.924, 63.3, -72.3572)
joint_type = 1
joint_offset = Transform3D(1, 0, 0, 0, 1, 0, 0, 0, 1, -0.000218842, -0.00296658, 4.21255)
body_offset = Transform3D(0.99998, -1.54972e-06, 1.2368e-06, -2.33948e-06, 4.00841e-06, -0.99999, -3.69549e-06, 0.99996, 4.20213e-06, 0.000213623, 4.2125, 0.00294876)
bone_name = "mixamorig_LeftHandPinky1"
joint_constraints/bias = 0.3
joint_constraints/damping = 1.0
joint_constraints/impulse_clamp = 0.0

[node name="CollisionShape3D" type="CollisionShape3D" parent="Armature/Skeleton3D/Physical Bone mixamorig_LeftHandPinky1" index="0"]
transform = Transform3D(1, 0, 0, 0, 0, 1, 0, -1, 0, 0, 0, 0)
shape = SubResource("CapsuleShape3D_ogfdk")

[node name="Physical Bone mixamorig_LeftHandPinky2" type="PhysicalBone3D" parent="Armature/Skeleton3D" index="22"]
transform = Transform3D(0.47148, -0.700686, 0.535431, -0.709941, -0.661751, -0.240842, 0.523088, -0.266575, -0.809484, 13.9621, 65.4823, -66.1329)
joint_type = 1
joint_offset = Transform3D(1, 0, 0, 0, 1, 0, 0, 0, 1, -0.00119942, 0.000249429, 4.07326)
body_offset = Transform3D(0.999966, 3.27826e-06, -1.49012e-06, -2.08616e-07, 0.999969, -1.2964e-06, -1.16229e-06, -2.48849e-06, 0.999978, 0.00120544, -0.000244141, -4.07317)
bone_name = "mixamorig_LeftHandPinky2"
joint_constraints/bias = 0.3
joint_constraints/damping = 1.0
joint_constraints/impulse_clamp = 0.0

[node name="CollisionShape3D" type="CollisionShape3D" parent="Armature/Skeleton3D/Physical Bone mixamorig_LeftHandPinky2" index="0"]
transform = Transform3D(1, 0, 0, 0, 0, 1, 0, -1, 0, 0, 0, 0)
shape = SubResource("CapsuleShape3D_nfwoj")

[node name="Physical Bone mixamorig_RightShoulder" type="PhysicalBone3D" parent="Armature/Skeleton3D" index="23"]
transform = Transform3D(-0.676368, -0.452868, 0.580867, 0.49713, -0.86259, -0.0936567, 0.54348, 0.22542, 0.808578, -17.4522, 4.37509, -142.132)
joint_type = 1
joint_offset = Transform3D(1, 0, 0, 0, 1, 0, 0, 0, 1, 0.000515967, -0.003066, 6.06691)
body_offset = Transform3D(0.999991, 1.16229e-06, 2.35438e-06, -4.14252e-06, 0.999983, -8.04663e-07, 4.8019e-06, 2.19792e-06, 0.999988, -0.000530243, 0.00307083, -6.06684)
bone_name = "mixamorig_RightShoulder"
joint_constraints/bias = 0.3
joint_constraints/damping = 1.0
joint_constraints/impulse_clamp = 0.0

[node name="CollisionShape3D" type="CollisionShape3D" parent="Armature/Skeleton3D/Physical Bone mixamorig_RightShoulder" index="0"]
transform = Transform3D(1, 0, 0, 0, 0, 1, 0, -1, 0, 0, 0, 0)
shape = SubResource("CapsuleShape3D_cn0ip")

[node name="Physical Bone mixamorig_RightArm" type="PhysicalBone3D" parent="Armature/Skeleton3D" index="24"]
transform = Transform3D(-0.683402, 0.190311, 0.704766, 0.322518, -0.787347, 0.525353, 0.654901, 0.586331, 0.476719, -25.9311, -11.5125, -138.892)
joint_type = 1
joint_offset = Transform3D(1, 0, 0, 0, 1, 0, 0, 0, 1, 0.00037247, -0.000911411, 9.23315)
body_offset = Transform3D(0.999976, -3.39746e-06, 1.49012e-07, -2.98023e-07, 0.999959, -3.75509e-06, 9.53674e-07, 8.55327e-06, 0.999977, -0.00037384, 0.000946045, -9.23294)
bone_name = "mixamorig_RightArm"
joint_constraints/bias = 0.3
joint_constraints/damping = 1.0
joint_constraints/impulse_clamp = 0.0

[node name="CollisionShape3D" type="CollisionShape3D" parent="Armature/Skeleton3D/Physical Bone mixamorig_RightArm" index="0"]
transform = Transform3D(1, 0, 0, 0, 0, 1, 0, -1, 0, 0, 0, 0)
shape = SubResource("CapsuleShape3D_dgobd")

[node name="Physical Bone mixamorig_RightForeArm" type="PhysicalBone3D" parent="Armature/Skeleton3D" index="25"]
transform = Transform3D(-0.84156, 0.482266, 0.243178, 0.540025, 0.758673, 0.364356, -0.00878122, 0.437965, -0.898921, -19.4959, -26.5796, -110.398)
joint_type = 1
joint_offset = Transform3D(1, 0, 0, 0, 1, 0, 0, 0, 1, 0.00131396, -0.000961858, 14.7547)
body_offset = Transform3D(0.999964, 3.33786e-06, 2.47359e-06, -3.08454e-06, -5.27501e-06, -0.999975, -3.21865e-06, 0.99999, 2.6226e-06, -0.0013504, 14.7543, 0.000923157)
bone_name = "mixamorig_RightForeArm"
joint_constraints/bias = 0.3
joint_constraints/damping = 1.0
joint_constraints/impulse_clamp = 0.0

[node name="CollisionShape3D" type="CollisionShape3D" parent="Armature/Skeleton3D/Physical Bone mixamorig_RightForeArm" index="0"]
transform = Transform3D(1, 0, 0, 0, 0, 1, 0, -1, 0, 0, 0, 0)
shape = SubResource("CapsuleShape3D_i3m68")

[node name="Physical Bone mixamorig_RightHand" type="PhysicalBone3D" parent="Armature/Skeleton3D" index="26"]
transform = Transform3D(0.142816, 0.405469, 0.902848, 0.701508, -0.684859, 0.196614, 0.698058, 0.60535, -0.382295, -29.575, -33.3684, -94.3859)
joint_type = 1
joint_offset = Transform3D(1, 0, 0, 0, 1, 0, 0, 0, 1, -0.000714183, -0.000139251, 7.18798)
body_offset = Transform3D(-0.250428, -0.724984, -0.641565, 6.58631e-06, 0.662664, -0.748861, 0.968029, -0.187513, -0.165964, 4.61128, 5.38289, 1.19361)
bone_name = "mixamorig_RightHand"
joint_constraints/bias = 0.3
joint_constraints/damping = 1.0
joint_constraints/impulse_clamp = 0.0

[node name="CollisionShape3D" type="CollisionShape3D" parent="Armature/Skeleton3D/Physical Bone mixamorig_RightHand" index="0"]
transform = Transform3D(1, 0, 0, 0, 0, 1, 0, -1, 0, 0, 0, 0)
shape = SubResource("CapsuleShape3D_eptc0")

[node name="Physical Bone mixamorig_RightHandThumb1" type="PhysicalBone3D" parent="Armature/Skeleton3D" index="27"]
transform = Transform3D(0.703064, 0.101768, 0.703791, 0.224741, -0.97077, -0.0841483, 0.674666, 0.217329, -0.705374, -38.293, -34.5145, -89.4047)
joint_type = 1
joint_offset = Transform3D(1, 0, 0, 0, 1, 0, 0, 0, 1, -0.00123503, 0.00125305, 3.16557)
body_offset = Transform3D(-0.842809, -0.538199, -2.41939e-05, -4.57279e-06, 2.77311e-05, -0.999978, 0.538197, -0.842808, -3.36319e-05, -0.000289917, 3.1655, 0.00182724)
bone_name = "mixamorig_RightHandThumb1"
joint_constraints/bias = 0.3
joint_constraints/damping = 1.0
joint_constraints/impulse_clamp = 0.0

[node name="CollisionShape3D" type="CollisionShape3D" parent="Armature/Skeleton3D/Physical Bone mixamorig_RightHandThumb1" index="0"]
transform = Transform3D(1, 0, 0, 0, 0, 1, 0, -1, 0, 0, 0, 0)
shape = SubResource("CapsuleShape3D_v54io")

[node name="Physical Bone mixamorig_RightHandThumb2" type="PhysicalBone3D" parent="Armature/Skeleton3D" index="28"]
transform = Transform3D(-0.624204, -0.67966, 0.385243, -0.689358, 0.711195, 0.137762, -0.367626, -0.179587, -0.912439, -41.6751, -34.6618, -84.4384)
joint_type = 1
joint_offset = Transform3D(1, 0, 0, 0, 1, 0, 0, 0, 1, 0.00114634, 0.000422353, 2.99473)
body_offset = Transform3D(0.504151, 0.86361, 1.51359e-05, -6.25849e-07, 1.51023e-05, -0.999969, -0.863612, 0.50415, 1.10865e-05, -0.000988007, 2.99464, 0.000743866)
bone_name = "mixamorig_RightHandThumb2"
joint_constraints/bias = 0.3
joint_constraints/damping = 1.0
joint_constraints/impulse_clamp = 0.0

[node name="CollisionShape3D" type="CollisionShape3D" parent="Armature/Skeleton3D/Physical Bone mixamorig_RightHandThumb2" index="0"]
transform = Transform3D(1, 0, 0, 0, 0, 1, 0, -1, 0, 0, 0, 0)
shape = SubResource("CapsuleShape3D_mfs1x")

[node name="Physical Bone mixamorig_RightHandThumb3" type="PhysicalBone3D" parent="Armature/Skeleton3D" index="29"]
transform = Transform3D(-0.763423, 0.224924, 0.605453, 0.301035, 0.953263, 0.0254458, -0.571433, 0.201692, -0.795464, -44.5674, -35.1477, -79.422)
joint_type = 1
joint_offset = Transform3D(1, 0, 0, 0, 1, 0, 0, 0, 1, 0.000719508, -0.000471845, 2.87023)
body_offset = Transform3D(0.999986, 4.47035e-07, 1.84448e-06, 3.39886e-06, -1.78441e-06, -0.999992, -3.27826e-07, 0.999991, -3.06964e-06, -0.000724792, 2.87021, 0.000480652)
bone_name = "mixamorig_RightHandThumb3"
joint_constraints/bias = 0.3
joint_constraints/damping = 1.0
joint_constraints/impulse_clamp = 0.0

[node name="CollisionShape3D" type="CollisionShape3D" parent="Armature/Skeleton3D/Physical Bone mixamorig_RightHandThumb3" index="0"]
transform = Transform3D(1, 0, 0, 0, 0, 1, 0, -1, 0, 0, 0, 0)
shape = SubResource("CapsuleShape3D_ey3ap")

[node name="Physical Bone mixamorig_RightHandIndex1" type="PhysicalBone3D" parent="Armature/Skeleton3D" index="30"]
transform = Transform3D(-0.905126, -0.416956, -0.0828745, 0.19951, -0.588788, 0.783258, -0.375385, 0.692424, 0.616125, -39.3199, -50.2115, -84.0948)
joint_type = 1
joint_offset = Transform3D(1, 0, 0, 0, 1, 0, 0, 0, 1, 0.0020839, 0.000521237, 4.39619)
body_offset = Transform3D(0.999986, 2.5928e-06, -2.38419e-07, -4.47035e-07, 0.999988, -1.19209e-07, -4.09782e-06, 2.20537e-06, 0.999986, -0.00208282, -0.000520706, -4.39613)
bone_name = "mixamorig_RightHandIndex1"
joint_constraints/bias = 0.3
joint_constraints/damping = 1.0
joint_constraints/impulse_clamp = 0.0

[node name="CollisionShape3D" type="CollisionShape3D" parent="Armature/Skeleton3D/Physical Bone mixamorig_RightHandIndex1" index="0"]
transform = Transform3D(1, 0, 0, 0, 0, 1, 0, -1, 0, 0, 0, 0)
shape = SubResource("CapsuleShape3D_m5trn")

[node name="Physical Bone mixamorig_RightHandIndex2" type="PhysicalBone3D" parent="Armature/Skeleton3D" index="31"]
transform = Transform3D(-0.905788, -0.42126, -0.0454499, 0.19889, -0.517454, 0.832269, -0.374123, 0.744828, 0.552496, -43.1223, -56.1373, -78.0813)
joint_type = 1
joint_offset = Transform3D(1, 0, 0, 0, 1, 0, 0, 0, 1, 0.0010929, 0.000391186, 5.03713)
body_offset = Transform3D(0.999989, -1.41561e-07, -1.13249e-06, -9.31323e-07, 0.999994, -1.54972e-06, -1.80304e-06, 8.04663e-07, 0.999995, -0.00108719, -0.000383377, -5.03711)
bone_name = "mixamorig_RightHandIndex2"
joint_constraints/bias = 0.3
joint_constraints/damping = 1.0
joint_constraints/impulse_clamp = 0.0

[node name="CollisionShape3D" type="CollisionShape3D" parent="Armature/Skeleton3D/Physical Bone mixamorig_RightHandIndex2" index="0"]
transform = Transform3D(1, 0, 0, 0, 0, 1, 0, -1, 0, 0, 0, 0)
shape = SubResource("CapsuleShape3D_urdae")

[node name="Physical Bone mixamorig_RightHandMiddle1" type="PhysicalBone3D" parent="Armature/Skeleton3D" index="32"]
transform = Transform3D(-0.946712, -0.0677196, 0.314846, 0.136398, 0.801305, 0.582492, -0.291736, 0.594401, -0.74938, -35.0713, -50.1828, -75.8734)
joint_type = 1
joint_offset = Transform3D(1, 0, 0, 0, 1, 0, 0, 0, 1, 0.000878546, -0.000438448, 4.69605)
body_offset = Transform3D(0.99999, -5.81145e-07, 1.37836e-06, -2.02656e-06, -6.25849e-07, -0.999998, -4.69387e-07, 0.999994, -8.64267e-07, -0.00088501, 4.69604, 0.000442505)
bone_name = "mixamorig_RightHandMiddle1"
joint_constraints/bias = 0.3
joint_constraints/damping = 1.0
joint_constraints/impulse_clamp = 0.0

[node name="CollisionShape3D" type="CollisionShape3D" parent="Armature/Skeleton3D/Physical Bone mixamorig_RightHandMiddle1" index="0"]
transform = Transform3D(1, 0, 0, 0, 0, 1, 0, -1, 0, 0, 0, 0)
shape = SubResource("CapsuleShape3D_lbfbr")

[node name="Physical Bone mixamorig_RightHandMiddle2" type="PhysicalBone3D" parent="Armature/Skeleton3D" index="33"]
transform = Transform3D(-0.968619, 0.0594359, 0.241247, 0.113276, 0.969808, 0.215853, -0.221122, 0.23641, -0.946143, -37.8489, -54.0811, -67.2563)
joint_type = 1
joint_offset = Transform3D(1, 0, 0, 0, 1, 0, 0, 0, 1, 0.00178522, -0.0011996, 5.38663)
body_offset = Transform3D(0.999976, 9.79006e-06, -4.93601e-06, 7.03149e-06, 7.09295e-06, -0.99999, -7.45058e-09, 0.999976, 4.57466e-06, -0.00175858, 5.38658, 0.00117493)
bone_name = "mixamorig_RightHandMiddle2"
joint_constraints/bias = 0.3
joint_constraints/damping = 1.0
joint_constraints/impulse_clamp = 0.0

[node name="CollisionShape3D" type="CollisionShape3D" parent="Armature/Skeleton3D/Physical Bone mixamorig_RightHandMiddle2" index="0"]
transform = Transform3D(1, 0, 0, 0, 0, 1, 0, -1, 0, 0, 0, 0)
shape = SubResource("CapsuleShape3D_eccr0")

[node name="Physical Bone mixamorig_RightHandRing1" type="PhysicalBone3D" parent="Armature/Skeleton3D" index="34"]
transform = Transform3D(-0.974447, -0.0525702, 0.217703, 0.0841374, 0.814794, 0.57345, -0.207534, 0.577151, -0.789654, -28.4938, -50.8012, -74.238)
joint_type = 1
joint_offset = Transform3D(1, 0, 0, 0, 1, 0, 0, 0, 1, 0.000825169, -0.000749451, 4.69726)
body_offset = Transform3D(0.999849, 3.28571e-06, 1.39698e-06, 1.31577e-05, -5.25713e-05, -0.999897, -3.12924e-07, 0.999879, -2.89083e-06, -0.000831604, 4.69678, 0.000762939)
bone_name = "mixamorig_RightHandRing1"
joint_constraints/bias = 0.3
joint_constraints/damping = 1.0
joint_constraints/impulse_clamp = 0.0

[node name="CollisionShape3D" type="CollisionShape3D" parent="Armature/Skeleton3D/Physical Bone mixamorig_RightHandRing1" index="0"]
