[gd_scene load_steps=51 format=3 uid="uid://d4nc7wbrvqq3l"]

[ext_resource type="PackedScene" uid="uid://c070lmstl5qh7" path="res://assets/Zombie.glb" id="1_ft58n"]

[sub_resource type="CapsuleShape3D" id="CapsuleShape3D_kvnlm"]
radius = 0.020041
height = 0.20041

[sub_resource type="CapsuleShape3D" id="CapsuleShape3D_7dq4e"]
radius = 0.0233812
height = 0.233812

[sub_resource type="CapsuleShape3D" id="CapsuleShape3D_5k7th"]
radius = 0.0267215
height = 0.267215

[sub_resource type="CapsuleShape3D" id="CapsuleShape3D_x726t"]
radius = 0.0300615
height = 0.300615

[sub_resource type="CapsuleShape3D" id="CapsuleShape3D_ak7nk"]
radius = 0.0151659
height = 0.151659

[sub_resource type="CapsuleShape3D" id="CapsuleShape3D_ox82o"]
radius = 0.0804561
height = 0.804561

[sub_resource type="CapsuleShape3D" id="CapsuleShape3D_u2q2q"]
radius = 0.0804561
height = 0.804561

[sub_resource type="CapsuleShape3D" id="CapsuleShape3D_ixmda"]
radius = 0.0310377
height = 0.310377

[sub_resource type="CapsuleShape3D" id="CapsuleShape3D_t5d27"]
radius = 0.0593357
height = 0.593357

[sub_resource type="CapsuleShape3D" id="CapsuleShape3D_4o26f"]
radius = 0.0609417
height = 0.609417

[sub_resource type="CapsuleShape3D" id="CapsuleShape3D_qhuns"]
radius = 0.0101719
height = 0.101719

[sub_resource type="CapsuleShape3D" id="CapsuleShape3D_dfyt7"]
radius = 0.00813756
height = 0.0813756

[sub_resource type="CapsuleShape3D" id="CapsuleShape3D_yyi6n"]
radius = 0.00883675
height = 0.0883675

[sub_resource type="CapsuleShape3D" id="CapsuleShape3D_hf0kb"]
radius = 0.00734821
height = 0.0734821

[sub_resource type="CapsuleShape3D" id="CapsuleShape3D_u8w1q"]
radius = 0.00734821
height = 0.0734821

[sub_resource type="CapsuleShape3D" id="CapsuleShape3D_qatwp"]
radius = 0.00813252
height = 0.0813252

[sub_resource type="CapsuleShape3D" id="CapsuleShape3D_dpugg"]
radius = 0.00800358
height = 0.0800358

[sub_resource type="CapsuleShape3D" id="CapsuleShape3D_y45wl"]
radius = 0.00676533
height = 0.0676533

[sub_resource type="CapsuleShape3D" id="CapsuleShape3D_2rfi0"]
radius = 0.00676533
height = 0.0676533

[sub_resource type="CapsuleShape3D" id="CapsuleShape3D_qjw28"]
radius = 0.00773294
height = 0.0773294

[sub_resource type="CapsuleShape3D" id="CapsuleShape3D_h4rfh"]
radius = 0.00931171
height = 0.0931171

[sub_resource type="CapsuleShape3D" id="CapsuleShape3D_8icho"]
radius = 0.00617019
height = 0.0617019

[sub_resource type="CapsuleShape3D" id="CapsuleShape3D_lx6oc"]
radius = 0.00617019
height = 0.0617019

[sub_resource type="CapsuleShape3D" id="CapsuleShape3D_dabyb"]
radius = 0.0310377
height = 0.310377

[sub_resource type="CapsuleShape3D" id="CapsuleShape3D_2bhdu"]
radius = 0.0593163
height = 0.593163

[sub_resource type="CapsuleShape3D" id="CapsuleShape3D_qdm64"]
radius = 0.0609619
height = 0.609619

[sub_resource type="CapsuleShape3D" id="CapsuleShape3D_ohpop"]
radius = 0.0104062
height = 0.104062

[sub_resource type="CapsuleShape3D" id="CapsuleShape3D_knjgg"]
radius = 0.00832499
height = 0.0832499

[sub_resource type="CapsuleShape3D" id="CapsuleShape3D_0qkim"]
radius = 0.00878944
height = 0.0878944

[sub_resource type="CapsuleShape3D" id="CapsuleShape3D_dlfpl"]
radius = 0.00654052
height = 0.0654052

[sub_resource type="CapsuleShape3D" id="CapsuleShape3D_t1gq4"]
radius = 0.00654052
height = 0.0654052

[sub_resource type="CapsuleShape3D" id="CapsuleShape3D_2m5ql"]
radius = 0.00864866
height = 0.0864866

[sub_resource type="CapsuleShape3D" id="CapsuleShape3D_5rnps"]
radius = 0.00839442
height = 0.0839442

[sub_resource type="CapsuleShape3D" id="CapsuleShape3D_vddto"]
radius = 0.00647904
height = 0.0647904

[sub_resource type="CapsuleShape3D" id="CapsuleShape3D_cm37w"]
radius = 0.00647906
height = 0.0647907

[sub_resource type="CapsuleShape3D" id="CapsuleShape3D_xtnjv"]
radius = 0.00808045
height = 0.0808045

[sub_resource type="CapsuleShape3D" id="CapsuleShape3D_vhc5k"]
radius = 0.00885507
height = 0.0885507

[sub_resource type="CapsuleShape3D" id="CapsuleShape3D_ix4cs"]
radius = 0.00631526
height = 0.0631526

[sub_resource type="CapsuleShape3D" id="CapsuleShape3D_2eusf"]
radius = 0.00631525
height = 0.0631525

[sub_resource type="CapsuleShape3D" id="CapsuleShape3D_8s8kx"]
radius = 0.0998951
height = 0.998951

[sub_resource type="CapsuleShape3D" id="CapsuleShape3D_8ff05"]
radius = 0.112087
height = 1.12087

[sub_resource type="CapsuleShape3D" id="CapsuleShape3D_xjwa8"]
radius = 0.0509122
height = 0.509122

[sub_resource type="CapsuleShape3D" id="CapsuleShape3D_3q1tj"]
radius = 0.0195859
height = 0.195859

[sub_resource type="CapsuleShape3D" id="CapsuleShape3D_pniqu"]
radius = 0.0195859
height = 0.195859

[sub_resource type="CapsuleShape3D" id="CapsuleShape3D_k3fcn"]
radius = 0.0999132
height = 0.999132

[sub_resource type="CapsuleShape3D" id="CapsuleShape3D_pwf85"]
radius = 0.111959
height = 1.11959

[sub_resource type="CapsuleShape3D" id="CapsuleShape3D_eukpl"]
radius = 0.0501593
height = 0.501593

[sub_resource type="CapsuleShape3D" id="CapsuleShape3D_vlrhk"]
radius = 0.0197654
height = 0.197654

[sub_resource type="CapsuleShape3D" id="CapsuleShape3D_t7t71"]
radius = 0.0197655
height = 0.197655

[node name="Root Scene" instance=ExtResource("1_ft58n")]
transform = Transform3D(0.5, 0, 0, 0, 0.5, 0, 0, 0, 0.5, 0, 0, 0)

[node name="Skeleton3D" parent="RootNode/Armature" index="0"]
bones/0/position = Vector3(0.0371132, 2.20097, -0.169793)
bones/0/rotation = Quaternion(0.0971021, -0.198422, 0.00604182, 0.975276)
bones/1/rotation = Quaternion(0.0689221, -0.0168626, -0.0114463, 0.997414)
bones/2/rotation = Quaternion(0.0749995, -0.012507, -0.00792411, 0.997074)
bones/3/rotation = Quaternion(0.0752942, -0.0106538, -0.0079094, 0.997073)
bones/4/rotation = Quaternion(-0.00238266, 0.0111885, -0.00106082, 0.999934)
bones/5/rotation = Quaternion(-0.331996, 0.0533734, -0.0071599, 0.941742)
bones/8/rotation = Quaternion(0.592258, 0.399032, -0.579658, 0.392429)
bones/9/rotation = Quaternion(0.242089, 0.0834052, 0.189741, 0.947858)
bones/10/rotation = Quaternion(-0.0478128, -0.00254625, 0.689397, 0.722799)
bones/11/rotation = Quaternion(-0.143049, 0.300406, 0.189518, 0.923784)
bones/12/rotation = Quaternion(0.196623, -0.0619048, 0.0255344, 0.97819)
bones/13/rotation = Quaternion(-0.00938204, -0.00651503, 0.0374377, 0.999234)
bones/14/rotation = Quaternion(-0.0263254, -0.0136491, 0.042562, 0.998654)
bones/17/rotation = Quaternion(0.114832, -0.0101872, -0.0946103, 0.988817)
bones/18/rotation = Quaternion(0.115285, -2.36225e-05, -0.020177, 0.993128)
bones/19/rotation = Quaternion(0.0577398, 0.000244525, -0.00537785, 0.998317)
bones/22/rotation = Quaternion(0.115174, -0.00594978, -0.0867457, 0.989533)
bones/23/rotation = Quaternion(0.115587, 0.000816811, -0.0275966, 0.992914)
bones/24/rotation = Quaternion(0.0578276, 8.60448e-05, -0.00939978, 0.998282)
bones/27/rotation = Quaternion(0.577648, -0.407444, 0.594287, 0.383583)
bones/28/rotation = Quaternion(0.430993, -0.116199, -0.277486, 0.850732)
bones/29/rotation = Quaternion(-0.0230665, 0.00202798, -0.7407, 0.671437)
bones/30/rotation = Quaternion(-0.0259449, -0.318662, -0.128263, 0.938792)
bones/31/rotation = Quaternion(0.183231, 0.032834, -0.0443024, 0.981522)
bones/32/rotation = Quaternion(0.00156925, 0.00182592, -0.0282913, 0.999597)
bones/33/rotation = Quaternion(-0.0215591, 0.0091531, 0.0153159, 0.999608)
bones/36/rotation = Quaternion(0.160447, 0.0183959, 0.103071, 0.981476)
bones/37/rotation = Quaternion(0.161512, 0.000763508, 0.0352332, 0.986241)
bones/38/rotation = Quaternion(0.0810335, -0.000104818, 0.0226449, 0.996454)
bones/41/rotation = Quaternion(0.160122, 0.0209121, 0.0945654, 0.982334)
bones/42/rotation = Quaternion(0.161511, -0.000372099, 0.0514035, 0.985531)
bones/43/rotation = Quaternion(0.0810283, -0.00121292, 0.015097, 0.996597)
bones/46/rotation = Quaternion(0.116698, 0.404113, 0.886561, -0.192573)
bones/47/rotation = Quaternion(-0.427, 0.00246863, 0.0426071, 0.903244)
bones/48/rotation = Quaternion(0.509933, -0.0568269, -0.058474, 0.856341)
bones/49/rotation = Quaternion(0.391288, -0.0437566, 0.0213928, 0.918979)
bones/52/rotation = Quaternion(-0.0607161, 0.400936, 0.910225, 0.0839885)
bones/53/rotation = Quaternion(-0.499898, -0.0281407, -0.0639423, 0.863262)
bones/54/rotation = Quaternion(0.60314, 0.049491, 0.0246334, 0.795717)
bones/55/rotation = Quaternion(0.398715, 0.0425184, -0.0215158, 0.915836)

[node name="Character" parent="RootNode/Armature/Skeleton3D" index="0"]
visible = false

[node name="Physical Bone mixamorig_Hips" type="PhysicalBone3D" parent="RootNode/Armature/Skeleton3D" index="1"]
transform = Transform3D(0.921239, -0.388172, 0.0287745, -0.0267491, -0.136964, -0.990455, 0.388228, 0.911653, -0.136529, 0.0342296, 2.3002, -0.156113)
joint_offset = Transform3D(1, 0, 0, 0, 1, 0, 0, 0, 1, 8.39343e-08, -1.67731e-06, 0.100188)
body_offset = Transform3D(1.00006, -5.48363e-06, -6.89179e-07, 1.86265e-06, 0.0556453, -0.998685, -9.53674e-07, 0.998725, 0.0556628, -1.49012e-08, 0.100056, -0.00557506)
bone_name = "mixamorig_Hips"

[node name="CollisionShape3D" type="CollisionShape3D" parent="RootNode/Armature/Skeleton3D/Physical Bone mixamorig_Hips" index="0"]
transform = Transform3D(1, 0, 0, 0, 0, 1, 0, -1, 0, 0, 0, 0)
shape = SubResource("CapsuleShape3D_kvnlm")

[node name="Physical Bone mixamorig_Spine" type="PhysicalBone3D" parent="RootNode/Armature/Skeleton3D" index="2"]
transform = Transform3D(0.909324, -0.407515, 0.084136, -0.0575579, -0.323434, -0.944496, 0.412112, 0.854003, -0.317559, 0.0215105, 2.50984, -0.10531)
joint_type = 1
joint_offset = Transform3D(1, 0, 0, 0, 1, 0, 0, 0, 1, 2.90248e-08, 1.42472e-07, 0.116906)
body_offset = Transform3D(1.00001, -2.98023e-08, 1.3411e-07, 7.45058e-08, -7.7486e-07, -0.999998, -1.75834e-06, 1, -1.72853e-06, -4.47035e-08, 0.116906, 5.96046e-08)
bone_name = "mixamorig_Spine"
joint_constraints/bias = 0.3
joint_constraints/damping = 1.0
joint_constraints/impulse_clamp = 0.0

[node name="CollisionShape3D" type="CollisionShape3D" parent="RootNode/Armature/Skeleton3D/Physical Bone mixamorig_Spine" index="0"]
transform = Transform3D(1, 0, 0, 0, 0, 1, 0, -1, 0, 0, 0, 0)
shape = SubResource("CapsuleShape3D_7dq4e")

[node name="Physical Bone mixamorig_Spine1" type="PhysicalBone3D" parent="RootNode/Armature/Skeleton3D" index="3"]
transform = Transform3D(0.900727, -0.413999, 0.131545, -0.0819123, -0.459264, -0.884524, 0.426602, 0.785932, -0.447582, -0.00590161, 2.73843, -0.00838881)
joint_type = 1
joint_offset = Transform3D(1, 0, 0, 0, 1, 0, 0, 0, 1, 1.62615e-06, -9.41965e-07, 0.1336)
body_offset = Transform3D(1, -1.13249e-06, 2.08616e-07, -1.04308e-07, -1.78814e-07, -1.00001, 4.17233e-07, 1, 8.04663e-07, -1.65403e-06, 0.133601, 8.34465e-07)
bone_name = "mixamorig_Spine1"
joint_constraints/bias = 0.3
joint_constraints/damping = 1.0
joint_constraints/impulse_clamp = 0.0

[node name="CollisionShape3D" type="CollisionShape3D" parent="RootNode/Armature/Skeleton3D/Physical Bone mixamorig_Spine1" index="0"]
transform = Transform3D(1, 0, 0, 0, 0, 1, 0, -1, 0, 0, 0, 0)
shape = SubResource("CapsuleShape3D_5k7th")

[node name="Physical Bone mixamorig_Spine2" type="PhysicalBone3D" parent="RootNode/Armature/Skeleton3D" index="4"]
transform = Transform3D(0.89439, -0.409689, 0.179507, -0.106464, -0.584771, -0.80418, 0.434433, 0.700138, -0.56663, -0.0504564, 2.97749, 0.136582)
joint_type = 1
joint_offset = Transform3D(1, 0, 0, 0, 1, 0, 0, 0, 1, -3.71431e-07, 5.20629e-07, 0.150307)
body_offset = Transform3D(1, -2.44379e-06, 1.2815e-06, -1.01328e-06, -1.63913e-06, -0.999999, 3.8743e-07, 0.999997, -1.87755e-06, 1.78814e-07, 0.150307, -2.38419e-07)
bone_name = "mixamorig_Spine2"
joint_constraints/bias = 0.3
joint_constraints/damping = 1.0
joint_constraints/impulse_clamp = 0.0

[node name="CollisionShape3D" type="CollisionShape3D" parent="RootNode/Armature/Skeleton3D/Physical Bone mixamorig_Spine2" index="0"]
transform = Transform3D(1, 0, 0, 0, 0, 1, 0, -1, 0, 0, 0, 0)
shape = SubResource("CapsuleShape3D_x726t")

[node name="Physical Bone mixamorig_Neck" type="PhysicalBone3D" parent="RootNode/Armature/Skeleton3D" index="5"]
transform = Transform3D(-0.903719, 0.355034, 0.239255, 0.095104, 0.711359, -0.696367, -0.417429, -0.606564, -0.676631, -0.0955805, 3.15117, 0.27306)
joint_type = 1
joint_offset = Transform3D(1, 0, 0, 0, 1, 0, 0, 0, 1, -9.88662e-09, 3.03611e-07, 0.0758297)
body_offset = Transform3D(-1, 6.85453e-07, 6.55651e-07, 8.9407e-08, 0.169309, -0.985564, -5.66244e-07, -0.985563, -0.169306, -5.96046e-08, 0.0747349, 0.0128387)
bone_name = "mixamorig_Neck"
joint_constraints/bias = 0.3
joint_constraints/damping = 1.0
joint_constraints/impulse_clamp = 0.0

[node name="CollisionShape3D" type="CollisionShape3D" parent="RootNode/Armature/Skeleton3D/Physical Bone mixamorig_Neck" index="0"]
transform = Transform3D(1, 0, 0, 0, 0, 1, 0, -1, 0, 0, 0, 0)
shape = SubResource("CapsuleShape3D_ak7nk")

[node name="Physical Bone mixamorig_Head" type="PhysicalBone3D" parent="RootNode/Armature/Skeleton3D" index="6"]
transform = Transform3D(-0.944465, 0.32698, -0.0327603, 0.0781674, 0.126716, -0.988862, -0.319179, -0.936521, -0.145238, -0.100546, 3.60175, 0.382796)
joint_type = 1
joint_offset = Transform3D(1, 0, 0, 0, 1, 0, 0, 0, 1, -1.00714e-06, 2.61515e-06, 0.402265)
body_offset = Transform3D(-1, -2.20537e-06, -5.7742e-07, -7.1479e-07, 0.169308, -0.985571, 2.08616e-07, -0.985586, -0.169308, -7.7486e-07, 0.39646, 0.0681093)
bone_name = "mixamorig_Head"
joint_constraints/bias = 0.3
joint_constraints/damping = 1.0
joint_constraints/impulse_clamp = 0.0

[node name="CollisionShape3D" type="CollisionShape3D" parent="RootNode/Armature/Skeleton3D/Physical Bone mixamorig_Head" index="0"]
transform = Transform3D(1, 0, 0, 0, 0, 1, 0, -1, 0, 0, 0, 0)
shape = SubResource("CapsuleShape3D_ox82o")

[node name="Physical Bone mixamorig_HeadTop_End" type="PhysicalBone3D" parent="RootNode/Armature/Skeleton3D" index="7"]
transform = Transform3D(0.944465, -0.316736, -0.0876469, -0.0781684, 0.0425397, -0.996041, 0.319178, 0.947792, 0.0154158, -0.0521069, 4.40027, 0.435021)
joint_type = 1
joint_offset = Transform3D(1, 0, 0, 0, 1, 0, 0, 0, 1, 5.04329e-07, -4.09925e-07, 0.402296)
body_offset = Transform3D(0.999999, 4.47035e-05, -3.64613e-07, -2.62167e-07, -1.1269e-07, -1.00001, -1.63913e-06, 1.00022, 4.26546e-07, -3.57628e-07, 0.4023, 2.38419e-07)
bone_name = "mixamorig_HeadTop_End"
joint_constraints/bias = 0.3
joint_constraints/damping = 1.0
joint_constraints/impulse_clamp = 0.0

[node name="CollisionShape3D" type="CollisionShape3D" parent="RootNode/Armature/Skeleton3D/Physical Bone mixamorig_HeadTop_End" index="0"]
transform = Transform3D(1, 0, 0, 0, 0, 1, 0, -1, 0, 0, 0, 0)
shape = SubResource("CapsuleShape3D_u2q2q")

[node name="Physical Bone mixamorig_LeftShoulder" type="PhysicalBone3D" parent="RootNode/Armature/Skeleton3D" index="8"]
transform = Transform3D(0.414959, -0.159321, -0.895788, 0.59788, -0.694385, 0.400466, -0.68582, -0.701745, -0.19289, 0.199835, 2.97029, 0.273399)
joint_type = 1
joint_offset = Transform3D(1, 0, 0, 0, 1, 0, 0, 0, 1, 3.31001e-05, 3.40037e-05, 0.155196)
body_offset = Transform3D(1, -2.08616e-07, 2.563e-06, 3.8743e-07, 2.38419e-07, -1.00001, 2.98023e-08, 1, 5.81145e-07, -3.34978e-05, 0.155197, -3.40939e-05)
bone_name = "mixamorig_LeftShoulder"
joint_constraints/bias = 0.3
joint_constraints/damping = 1.0
joint_constraints/impulse_clamp = 0.0

[node name="CollisionShape3D" type="CollisionShape3D" parent="RootNode/Armature/Skeleton3D/Physical Bone mixamorig_LeftShoulder" index="0"]
transform = Transform3D(1, 0, 0, 0, 0, 1, 0, -1, 0, 0, 0, 0)
shape = SubResource("CapsuleShape3D_ixmda")

[node name="Physical Bone mixamorig_LeftArm" type="PhysicalBone3D" parent="RootNode/Armature/Skeleton3D" index="9"]
transform = Transform3D(0.748244, -0.417448, -0.515622, 0.432295, -0.28277, 0.856257, -0.503241, -0.863609, -0.0310767, 0.491826, 2.65411, 0.312516)
joint_type = 1
joint_offset = Transform3D(1, 0, 0, 0, 1, 0, 0, 0, 1, 4.93948e-06, 1.05875e-05, 0.296678)
body_offset = Transform3D(1, 1.00434e-05, -1.62479e-05, 2.04891e-07, 4.90062e-06, -1, 0, 1.00002, -3.52859e-05, -1.19209e-07, 0.296679, -1.19209e-07)
bone_name = "mixamorig_LeftArm"
joint_constraints/bias = 0.3
joint_constraints/damping = 1.0
joint_constraints/impulse_clamp = 0.0

[node name="CollisionShape3D" type="CollisionShape3D" parent="RootNode/Armature/Skeleton3D/Physical Bone mixamorig_LeftArm" index="0"]
transform = Transform3D(1, 0, 0, 0, 0, 1, 0, -1, 0, 0, 0, 0)
shape = SubResource("CapsuleShape3D_t5d27")

[node name="Physical Bone mixamorig_LeftForeArm" type="PhysicalBone3D" parent="RootNode/Armature/Skeleton3D" index="10"]
transform = Transform3D(0.576983, -0.433787, 0.692046, -0.814574, -0.367734, 0.448617, 0.0598806, -0.822557, -0.565521, 0.433928, 2.26338, 0.494066)
joint_type = 1
joint_offset = Transform3D(1, 0, 0, 0, 1, 0, 0, 0, 1, -4.54003e-09, -5.49485e-07, 0.304708)
body_offset = Transform3D(1.00001, 7.63685e-07, 1.49012e-08, -3.44589e-06, -7.45058e-07, -1, 2.59653e-06, 1, 2.38419e-07, 0, 0.304708, 4.76837e-07)
bone_name = "mixamorig_LeftForeArm"
joint_constraints/bias = 0.3
joint_constraints/damping = 1.0
joint_constraints/impulse_clamp = 0.0

[node name="CollisionShape3D" type="CollisionShape3D" parent="RootNode/Armature/Skeleton3D/Physical Bone mixamorig_LeftForeArm" index="0"]
transform = Transform3D(1, 0, 0, 0, 0, 1, 0, -1, 0, 0, 0, 0)
shape = SubResource("CapsuleShape3D_4o26f")

[node name="Physical Bone mixamorig_LeftHand" type="PhysicalBone3D" parent="RootNode/Armature/Skeleton3D" index="11"]
transform = Transform3D(-0.476928, -0.0841911, 0.874902, 0.592487, 0.704459, 0.390766, -0.649231, 0.704734, -0.286094, 0.178558, 2.10681, 0.680936)
joint_type = 1
joint_offset = Transform3D(1, 0, 0, 0, 1, 0, 0, 0, 1, 9.2946e-07, 1.87941e-06, 0.0508607)
body_offset = Transform3D(-0.994337, 0.092132, 0.0529937, 2.38419e-07, 0.498597, -0.866835, -0.106286, -0.861924, -0.495772, -0.00269455, 0.0440869, 0.0252171)
bone_name = "mixamorig_LeftHand"
joint_constraints/bias = 0.3
joint_constraints/damping = 1.0
joint_constraints/impulse_clamp = 0.0

[node name="CollisionShape3D" type="CollisionShape3D" parent="RootNode/Armature/Skeleton3D/Physical Bone mixamorig_LeftHand" index="0"]
transform = Transform3D(1, 0, 0, 0, 0, 1, 0, -1, 0, 0, 0, 0)
shape = SubResource("CapsuleShape3D_qhuns")

[node name="Physical Bone mixamorig_LeftHandThumb1" type="PhysicalBone3D" parent="RootNode/Armature/Skeleton3D" index="12"]
transform = Transform3D(0.0306585, 0.275818, 0.960705, 0.739401, -0.653014, 0.163878, 0.672566, 0.705331, -0.223955, 0.0949715, 2.08027, 0.704599)
joint_type = 1
joint_offset = Transform3D(1, 0, 0, 0, 1, 0, 0, 0, 1, -4.12295e-08, -2.05822e-07, 0.0406885)
body_offset = Transform3D(1.04308e-06, 0.983102, 0.183044, 4.02331e-07, 0.183044, -0.983088, -1, 3.48687e-06, -1.01328e-06, -0.0074476, 0.0400004, 0)
bone_name = "mixamorig_LeftHandThumb1"
joint_constraints/bias = 0.3
joint_constraints/damping = 1.0
joint_constraints/impulse_clamp = 0.0

[node name="CollisionShape3D" type="CollisionShape3D" parent="RootNode/Armature/Skeleton3D/Physical Bone mixamorig_LeftHandThumb1" index="0"]
transform = Transform3D(1, 0, 0, 0, 0, 1, 0, -1, 0, 0, 0, 0)
shape = SubResource("CapsuleShape3D_dfyt7")

[node name="Physical Bone mixamorig_LeftHandThumb2" type="PhysicalBone3D" parent="RootNode/Armature/Skeleton3D" index="13"]
transform = Transform3D(-0.0531217, -0.41984, 0.906044, -0.735918, 0.629755, 0.248668, -0.674983, -0.653564, -0.342416, 0.0158489, 2.06262, 0.728843)
joint_type = 1
joint_offset = Transform3D(1, 0, 0, 0, 1, 0, 0, 0, 1, 4.79389e-06, -2.39689e-06, 0.0441836)
body_offset = Transform3D(-2.84314e-05, -0.998975, -0.0453166, 2.5332e-07, 0.0453196, -0.998973, 1, -3.00407e-05, -5.97537e-06, 0.00199986, 0.0441384, -4.52995e-06)
bone_name = "mixamorig_LeftHandThumb2"
joint_constraints/bias = 0.3
joint_constraints/damping = 1.0
joint_constraints/impulse_clamp = 0.0

[node name="CollisionShape3D" type="CollisionShape3D" parent="RootNode/Armature/Skeleton3D/Physical Bone mixamorig_LeftHandThumb2" index="0"]
transform = Transform3D(1, 0, 0, 0, 0, 1, 0, -1, 0, 0, 0, 0)
shape = SubResource("CapsuleShape3D_yyi6n")

[node name="Physical Bone mixamorig_LeftHandThumb3" type="PhysicalBone3D" parent="RootNode/Armature/Skeleton3D" index="14"]
transform = Transform3D(-0.111694, -0.433591, 0.894159, -0.727063, 0.649034, 0.223905, -0.677425, -0.625102, -0.387741, -0.0570348, 2.0434, 0.758218)
joint_type = 1
joint_offset = Transform3D(1, 0, 0, 0, 1, 0, 0, 0, 1, 1.49059e-06, 3.88843e-07, 0.0367411)
body_offset = Transform3D(1.0401e-05, -0.988957, -0.148205, -1.49012e-08, 0.148204, -0.988956, 1, 1.07288e-05, 1.60933e-06, 0.0054456, 0.0363353, -1.54972e-06)
bone_name = "mixamorig_LeftHandThumb3"
joint_constraints/bias = 0.3
joint_constraints/damping = 1.0
joint_constraints/impulse_clamp = 0.0

[node name="CollisionShape3D" type="CollisionShape3D" parent="RootNode/Armature/Skeleton3D/Physical Bone mixamorig_LeftHandThumb3" index="0"]
transform = Transform3D(1, 0, 0, 0, 0, 1, 0, -1, 0, 0, 0, 0)
shape = SubResource("CapsuleShape3D_hf0kb")

[node name="Physical Bone mixamorig_LeftHandThumb4" type="PhysicalBone3D" parent="RootNode/Armature/Skeleton3D" index="15"]
transform = Transform3D(0.286844, -0.0554012, 0.956373, -0.580773, -0.804, 0.127617, 0.761854, -0.592043, -0.262798, -0.125017, 2.03048, 0.782133)
joint_type = 1
joint_offset = Transform3D(1, 0, 0, 0, 1, 0, 0, 0, 1, -1.29927e-05, 1.04953e-05, 0.0367366)
body_offset = Transform3D(1, -5.66244e-07, -2.98023e-08, 1.49012e-08, -1.63913e-07, -1, 1.49012e-07, 1, -1.3411e-07, 1.29938e-05, 0.0367366, -1.04904e-05)
bone_name = "mixamorig_LeftHandThumb4"
joint_constraints/bias = 0.3
joint_constraints/damping = 1.0
joint_constraints/impulse_clamp = 0.0

[node name="CollisionShape3D" type="CollisionShape3D" parent="RootNode/Armature/Skeleton3D/Physical Bone mixamorig_LeftHandThumb4" index="0"]
transform = Transform3D(1, 0, 0, 0, 0, 1, 0, -1, 0, 0, 0, 0)
shape = SubResource("CapsuleShape3D_u8w1q")

[node name="Physical Bone mixamorig_LeftHandIndex1" type="PhysicalBone3D" parent="RootNode/Armature/Skeleton3D" index="16"]
transform = Transform3D(-0.143694, -0.660958, 0.736542, -0.822524, 0.49362, 0.282496, -0.55029, -0.565231, -0.614574, -0.119971, 2.14673, 0.867806)
joint_type = 1
joint_offset = Transform3D(1, 0, 0, 0, 1, 0, 0, 0, 1, -1.51213e-07, -1.63843e-07, 0.0406624)
body_offset = Transform3D(-0.000292718, -0.999981, -0.00721598, 2.41399e-06, 0.00721723, -0.999974, 1.00001, -0.0002909, -2.14577e-06, 0.000293255, 0.0406613, 2.38419e-07)
bone_name = "mixamorig_LeftHandIndex1"
joint_constraints/bias = 0.3
joint_constraints/damping = 1.0
joint_constraints/impulse_clamp = 0.0

[node name="CollisionShape3D" type="CollisionShape3D" parent="RootNode/Armature/Skeleton3D/Physical Bone mixamorig_LeftHandIndex1" index="0"]
transform = Transform3D(1, 0, 0, 0, 0, 1, 0, -1, 0, 0, 0, 0)
shape = SubResource("CapsuleShape3D_qatwp")

[node name="Physical Bone mixamorig_LeftHandIndex2" type="PhysicalBone3D" parent="RootNode/Armature/Skeleton3D" index="17"]
transform = Transform3D(-0.0267154, 0.681553, 0.731281, 0.734418, -0.482901, 0.476902, 0.678171, 0.54981, -0.487643, -0.179184, 2.11615, 0.91231)
joint_type = 1
joint_offset = Transform3D(1, 0, 0, 0, 1, 0, 0, 0, 1, 3.92818e-06, -2.71705e-06, 0.0400193)
body_offset = Transform3D(0.000378519, 0.999985, 0.0054267, -5.1558e-06, 0.00542754, -0.999987, -1, 0.000373214, 2.86102e-06, -0.000214458, 0.0400188, 3.8147e-06)
bone_name = "mixamorig_LeftHandIndex2"
joint_constraints/bias = 0.3
joint_constraints/damping = 1.0
joint_constraints/impulse_clamp = 0.0

[node name="CollisionShape3D" type="CollisionShape3D" parent="RootNode/Armature/Skeleton3D/Physical Bone mixamorig_LeftHandIndex2" index="0"]
transform = Transform3D(1, 0, 0, 0, 0, 1, 0, -1, 0, 0, 0, 0)
shape = SubResource("CapsuleShape3D_dpugg")

[node name="Physical Bone mixamorig_LeftHandIndex3" type="PhysicalBone3D" parent="RootNode/Armature/Skeleton3D" index="18"]
transform = Transform3D(-0.110218, 0.691677, 0.713748, 0.674104, -0.475687, 0.565074, 0.730373, 0.54342, -0.413831, -0.232593, 2.07796, 0.945823)
joint_type = 1
joint_offset = Transform3D(1, 0, 0, 0, 1, 0, 0, 0, 1, 6.16294e-08, 2.5281e-07, 0.0338269)
body_offset = Transform3D(0.000532836, 0.999997, 0.00225323, -6.85453e-07, 0.00225309, -0.999998, -1.00001, 0.000531852, 1.81794e-06, -7.64728e-05, 0.0338268, 0)
bone_name = "mixamorig_LeftHandIndex3"
joint_constraints/bias = 0.3
joint_constraints/damping = 1.0
joint_constraints/impulse_clamp = 0.0

[node name="CollisionShape3D" type="CollisionShape3D" parent="RootNode/Armature/Skeleton3D/Physical Bone mixamorig_LeftHandIndex3" index="0"]
transform = Transform3D(1, 0, 0, 0, 0, 1, 0, -1, 0, 0, 0, 0)
shape = SubResource("CapsuleShape3D_y45wl")

[node name="Physical Bone mixamorig_LeftHandIndex4" type="PhysicalBone3D" parent="RootNode/Armature/Skeleton3D" index="19"]
transform = Transform3D(0.681359, 0.185158, 0.708142, -0.394473, -0.722053, 0.568353, 0.616549, -0.666599, -0.418938, -0.28069, 2.03962, 0.973993)
joint_type = 1
joint_offset = Transform3D(1, 0, 0, 0, 1, 0, 0, 0, 1, -6.96859e-08, -9.49642e-07, 0.0338264)
body_offset = Transform3D(0.999996, 2.98023e-08, 2.98023e-07, -2.5928e-06, -5.96046e-08, -1, -1.57952e-06, 1, -1.19209e-07, 5.96046e-08, 0.0338264, 9.53674e-07)
bone_name = "mixamorig_LeftHandIndex4"
joint_constraints/bias = 0.3
joint_constraints/damping = 1.0
joint_constraints/impulse_clamp = 0.0

[node name="CollisionShape3D" type="CollisionShape3D" parent="RootNode/Armature/Skeleton3D/Physical Bone mixamorig_LeftHandIndex4" index="0"]
transform = Transform3D(1, 0, 0, 0, 0, 1, 0, -1, 0, 0, 0, 0)
shape = SubResource("CapsuleShape3D_2rfi0")

[node name="Physical Bone mixamorig_LeftHandMiddle1" type="PhysicalBone3D" parent="RootNode/Armature/Skeleton3D" index="20"]
transform = Transform3D(-0.137029, -0.662535, 0.736562, -0.827698, 0.48516, 0.282274, -0.544225, -0.5711, -0.614754, -0.0285159, 2.09262, 0.915251)
joint_type = 1
joint_offset = Transform3D(1, 0, 0, 0, 1, 0, 0, 0, 1, 2.00936e-06, 4.67416e-06, 0.0386627)
body_offset = Transform3D(-0.000168681, -1.00001, -0.0219047, 5.00679e-06, 0.0218724, -0.999822, 1.00002, -0.000140965, -2.6226e-06, 0.000851572, 0.0386558, -1.90735e-06)
bone_name = "mixamorig_LeftHandMiddle1"
joint_constraints/bias = 0.3
joint_constraints/damping = 1.0
joint_constraints/impulse_clamp = 0.0

[node name="CollisionShape3D" type="CollisionShape3D" parent="RootNode/Armature/Skeleton3D/Physical Bone mixamorig_LeftHandMiddle1" index="0"]
transform = Transform3D(1, 0, 0, 0, 0, 1, 0, -1, 0, 0, 0, 0)
shape = SubResource("CapsuleShape3D_qjw28")

[node name="Physical Bone mixamorig_LeftHandMiddle2" type="PhysicalBone3D" parent="RootNode/Armature/Skeleton3D" index="21"]
transform = Transform3D(-0.0360225, 0.681142, 0.731291, 0.740945, -0.47284, 0.476914, 0.670605, 0.559032, -0.487653, -0.0910435, 2.0595, 0.961712)
joint_type = 1
joint_offset = Transform3D(1, 0, 0, 0, 1, 0, 0, 0, 1, 1.0489e-05, 1.92207e-08, 0.0465578)
body_offset = Transform3D(4.04716e-05, 0.999989, 0.00839788, -1.51992e-06, 0.00840288, -0.999985, -1, 3.56138e-05, -2.98023e-08, -0.000391006, 0.0465571, 1.04904e-05)
bone_name = "mixamorig_LeftHandMiddle2"
joint_constraints/bias = 0.3
joint_constraints/damping = 1.0
joint_constraints/impulse_clamp = 0.0

[node name="CollisionShape3D" type="CollisionShape3D" parent="RootNode/Armature/Skeleton3D/Physical Bone mixamorig_LeftHandMiddle2" index="0"]
transform = Transform3D(1, 0, 0, 0, 0, 1, 0, -1, 0, 0, 0, 0)
shape = SubResource("CapsuleShape3D_h4rfh")

[node name="Physical Bone mixamorig_LeftHandMiddle3" type="PhysicalBone3D" parent="RootNode/Armature/Skeleton3D" index="22"]
transform = Transform3D(-0.118892, 0.690234, 0.713755, 0.680018, -0.467193, 0.565071, 0.723491, 0.552546, -0.413825, -0.147111, 2.01987, 0.99719)
joint_type = 1
joint_offset = Transform3D(1, 0, 0, 0, 1, 0, 0, 0, 1, 2.29621e-08, -2.83297e-07, 0.0308511)
body_offset = Transform3D(8.26418e-05, 0.999891, 0.0147678, 4.76837e-07, 0.0147645, -0.999893, -1, 8.38935e-05, 7.45058e-07, -0.00045532, 0.0308478, 0)
bone_name = "mixamorig_LeftHandMiddle3"
joint_constraints/bias = 0.3
joint_constraints/damping = 1.0
joint_constraints/impulse_clamp = 0.0

[node name="CollisionShape3D" type="CollisionShape3D" parent="RootNode/Armature/Skeleton3D/Physical Bone mixamorig_LeftHandMiddle3" index="0"]
transform = Transform3D(1, 0, 0, 0, 0, 1, 0, -1, 0, 0, 0, 0)
shape = SubResource("CapsuleShape3D_8icho")

[node name="Physical Bone mixamorig_LeftHandMiddle4" type="PhysicalBone3D" parent="RootNode/Armature/Skeleton3D" index="23"]
transform = Transform3D(0.701379, 0.18904, 0.687264, -0.372959, -0.724339, 0.579857, 0.607428, -0.663021, -0.437532, -0.190333, 1.98455, 1.02345)
joint_type = 1
joint_offset = Transform3D(1, 0, 0, 0, 1, 0, 0, 0, 1, -6.23629e-08, -4.59715e-09, 0.0308509)
body_offset = Transform3D(1, 2.98023e-08, 8.9407e-08, 3.8743e-07, 0, -1, -2.98023e-08, 1, 1.49012e-07, 5.96046e-08, 0.0308509, 0)
bone_name = "mixamorig_LeftHandMiddle4"
joint_constraints/bias = 0.3
joint_constraints/damping = 1.0
joint_constraints/impulse_clamp = 0.0

[node name="CollisionShape3D" type="CollisionShape3D" parent="RootNode/Armature/Skeleton3D/Physical Bone mixamorig_LeftHandMiddle4" index="0"]
transform = Transform3D(1, 0, 0, 0, 0, 1, 0, -1, 0, 0, 0, 0)
shape = SubResource("CapsuleShape3D_lx6oc")

[node name="Physical Bone mixamorig_RightShoulder" type="PhysicalBone3D" parent="RootNode/Armature/Skeleton3D" index="24"]
transform = Transform3D(-0.441006, 0.500721, 0.744841, -0.592092, -0.786002, 0.177827, 0.674489, -0.362593, 0.643106, -0.304776, 3.03558, 0.0209229)
joint_type = 1
joint_offset = Transform3D(1, 0, 0, 0, 1, 0, 0, 0, 1, 2.5796e-07, -1.17938e-07, 0.155189)
body_offset = Transform3D(0.999997, 3.27826e-07, -8.9407e-07, 2.68221e-07, 9.83477e-07, -0.999998, -4.61936e-07, 0.999997, 7.59959e-07, -1.19209e-07, 0.155189, 0)
bone_name = "mixamorig_RightShoulder"
joint_constraints/bias = 0.3
joint_constraints/damping = 1.0
joint_constraints/impulse_clamp = 0.0

[node name="CollisionShape3D" type="CollisionShape3D" parent="RootNode/Armature/Skeleton3D/Physical Bone mixamorig_RightShoulder" index="0"]
transform = Transform3D(1, 0, 0, 0, 0, 1, 0, -1, 0, 0, 0, 0)
shape = SubResource("CapsuleShape3D_dabyb")

[node name="Physical Bone mixamorig_RightArm" type="PhysicalBone3D" parent="RootNode/Armature/Skeleton3D" index="25"]
transform = Transform3D(0.0443143, 0.992027, 0.117985, -0.350551, -0.09515, 0.931697, 0.935495, -0.0826471, 0.343539, -0.45536, 2.73165, -0.180767)
joint_type = 1
joint_offset = Transform3D(1, 0, 0, 0, 1, 0, 0, 0, 1, -3.7662e-06, 5.46582e-07, 0.296591)
body_offset = Transform3D(1, -2.23517e-08, 2.38419e-07, -2.98023e-08, 3.50177e-07, -1, 7.45058e-09, 1, 1.1716e-06, 3.69549e-06, 0.296591, -8.9407e-07)
bone_name = "mixamorig_RightArm"
joint_constraints/bias = 0.3
joint_constraints/damping = 1.0
joint_constraints/impulse_clamp = 0.0

[node name="CollisionShape3D" type="CollisionShape3D" parent="RootNode/Armature/Skeleton3D/Physical Bone mixamorig_RightArm" index="0"]
transform = Transform3D(1, 0, 0, 0, 0, 1, 0, -1, 0, 0, 0, 0)
shape = SubResource("CapsuleShape3D_2bhdu")

[node name="Physical Bone mixamorig_RightForeArm" type="PhysicalBone3D" parent="RootNode/Armature/Skeleton3D" index="26"]
transform = Transform3D(0.144251, 0.989298, -0.0219686, 0.957925, -0.134042, 0.253793, 0.248134, -0.0576533, -0.967008, -0.483654, 2.37798, 0.0120998)
joint_type = 1
joint_offset = Transform3D(1, 0, 0, 0, 1, 0, 0, 0, 1, 6.67679e-07, 2.24849e-07, 0.304811)
body_offset = Transform3D(1, 8.00937e-08, -2.19047e-06, 8.9407e-08, -5.21541e-08, -0.999999, -2.57976e-07, 1, -1.12876e-06, 0, 0.30481, 1.19209e-07)
bone_name = "mixamorig_RightForeArm"
joint_constraints/bias = 0.3
joint_constraints/damping = 1.0
joint_constraints/impulse_clamp = 0.0

[node name="CollisionShape3D" type="CollisionShape3D" parent="RootNode/Armature/Skeleton3D/Physical Bone mixamorig_RightForeArm" index="0"]
transform = Transform3D(1, 0, 0, 0, 0, 1, 0, -1, 0, 0, 0, 0)
shape = SubResource("CapsuleShape3D_qdm64")

[node name="Physical Bone mixamorig_RightHand" type="PhysicalBone3D" parent="RootNode/Armature/Skeleton3D" index="27"]
transform = Transform3D(-0.519053, -0.687152, -0.50834, -0.85357, 0.447922, 0.266065, 0.0448711, 0.572002, -0.819039, -0.450509, 2.28678, 0.349467)
joint_type = 1
joint_offset = Transform3D(1, 0, 0, 0, 1, 0, 0, 0, 1, 2.41818e-06, -5.86733e-07, 0.0520296)
body_offset = Transform3D(-0.972155, -0.202184, -0.118528, 1.87382e-06, 0.505739, -0.862701, 0.234367, -0.83866, -0.491653, 0.0061692, 0.0448863, 0.0255795)
bone_name = "mixamorig_RightHand"
joint_constraints/bias = 0.3
joint_constraints/damping = 1.0
joint_constraints/impulse_clamp = 0.0

[node name="CollisionShape3D" type="CollisionShape3D" parent="RootNode/Armature/Skeleton3D/Physical Bone mixamorig_RightHand" index="0"]
transform = Transform3D(1, 0, 0, 0, 0, 1, 0, -1, 0, 0, 0, 0)
shape = SubResource("CapsuleShape3D_ohpop")

[node name="Physical Bone mixamorig_RightHandThumb1" type="PhysicalBone3D" parent="RootNode/Armature/Skeleton3D" index="28"]
transform = Transform3D(0.656654, -0.574741, -0.488342, -0.622357, -0.778677, 0.0795846, -0.426001, 0.251664, -0.869015, -0.403729, 2.26962, 0.428254)
joint_type = 1
joint_offset = Transform3D(1, 0, 0, 0, 1, 0, 0, 0, 1, -2.95301e-06, 1.99497e-06, 0.0416258)
body_offset = Transform3D(-2.58274e-05, -0.990701, -0.136065, 5.96046e-08, 0.136065, -0.9907, 1, -2.60696e-05, -3.51667e-06, 0.00566578, 0.0412384, 3.09944e-06)
bone_name = "mixamorig_RightHandThumb1"
joint_constraints/bias = 0.3
joint_constraints/damping = 1.0
joint_constraints/impulse_clamp = 0.0

[node name="CollisionShape3D" type="CollisionShape3D" parent="RootNode/Armature/Skeleton3D/Physical Bone mixamorig_RightHandThumb1" index="0"]
transform = Transform3D(1, 0, 0, 0, 0, 1, 0, -1, 0, 0, 0, 0)
shape = SubResource("CapsuleShape3D_knjgg")

[node name="Physical Bone mixamorig_RightHandThumb2" type="PhysicalBone3D" parent="RootNode/Armature/Skeleton3D" index="29"]
transform = Transform3D(-0.6576, 0.647258, -0.385492, 0.619038, 0.755881, 0.213147, 0.429364, -0.0984775, -0.897719, -0.366463, 2.25694, 0.503881)
joint_type = 1
joint_offset = Transform3D(1, 0, 0, 0, 1, 0, 0, 0, 1, -3.11817e-07, -5.46676e-07, 0.0439487)
body_offset = Transform3D(2.09585e-05, 0.995836, 0.0911566, 0, 0.0911543, -0.995804, -1, 2.13906e-05, 3.75509e-06, -0.00400567, 0.0437644, -4.76837e-07)
bone_name = "mixamorig_RightHandThumb2"
joint_constraints/bias = 0.3
joint_constraints/damping = 1.0
joint_constraints/impulse_clamp = 0.0

[node name="CollisionShape3D" type="CollisionShape3D" parent="RootNode/Armature/Skeleton3D/Physical Bone mixamorig_RightHandThumb2" index="0"]
transform = Transform3D(1, 0, 0, 0, 0, 1, 0, -1, 0, 0, 0, 0)
shape = SubResource("CapsuleShape3D_0qkim")

[node name="Physical Bone mixamorig_RightHandThumb3" type="PhysicalBone3D" parent="RootNode/Armature/Skeleton3D" index="30"]
transform = Transform3D(-0.68694, 0.629092, -0.363811, 0.610832, 0.771046, 0.179924, 0.393696, -0.0986325, -0.913932, -0.337614, 2.24169, 0.573219)
joint_type = 1
joint_offset = Transform3D(1, 0, 0, 0, 1, 0, 0, 0, 1, 5.6778e-06, -9.28371e-06, 0.0327023)
body_offset = Transform3D(-0.000140987, 0.998714, 0.0506906, 3.27826e-07, 0.0506878, -0.998716, -1, -0.000140458, -1.5974e-05, -0.00164843, 0.0326608, 6.19888e-06)
bone_name = "mixamorig_RightHandThumb3"
joint_constraints/bias = 0.3
joint_constraints/damping = 1.0
joint_constraints/impulse_clamp = 0.0

[node name="CollisionShape3D" type="CollisionShape3D" parent="RootNode/Armature/Skeleton3D/Physical Bone mixamorig_RightHandThumb3" index="0"]
transform = Transform3D(1, 0, 0, 0, 0, 1, 0, -1, 0, 0, 0, 0)
shape = SubResource("CapsuleShape3D_dlfpl")

[node name="Physical Bone mixamorig_RightHandThumb4" type="PhysicalBone3D" parent="RootNode/Armature/Skeleton3D" index="31"]
transform = Transform3D(0.673597, 0.614763, -0.410246, 0.710928, -0.690725, 0.132187, -0.202101, -0.38068, -0.902345, -0.31232, 2.23148, 0.632622)
joint_type = 1
joint_offset = Transform3D(1, 0, 0, 0, 1, 0, 0, 0, 1, 6.09346e-06, 8.14833e-06, 0.0327008)
body_offset = Transform3D(0.999999, -1.66446e-05, -4.17233e-07, 7.00355e-07, 3.24845e-06, -1, 2.08616e-07, 0.999976, -1.2815e-06, -6.07967e-06, 0.0327008, -8.10623e-06)
bone_name = "mixamorig_RightHandThumb4"
joint_constraints/bias = 0.3
joint_constraints/damping = 1.0
joint_constraints/impulse_clamp = 0.0

[node name="CollisionShape3D" type="CollisionShape3D" parent="RootNode/Armature/Skeleton3D/Physical Bone mixamorig_RightHandThumb4" index="0"]
transform = Transform3D(1, 0, 0, 0, 0, 1, 0, -1, 0, 0, 0, 0)
shape = SubResource("CapsuleShape3D_t1gq4")

[node name="Physical Bone mixamorig_RightHandIndex1" type="PhysicalBone3D" parent="RootNode/Armature/Skeleton3D" index="32"]
transform = Transform3D(-0.688161, 0.709542, -0.151597, 0.619787, 0.683496, 0.385607, 0.377225, 0.171402, -0.910114, -0.39529, 2.32675, 0.687102)
joint_type = 1
joint_offset = Transform3D(1, 0, 0, 0, 1, 0, 0, 0, 1, -7.64832e-07, 1.15894e-06, 0.0432446)
body_offset = Transform3D(3.26447e-05, 0.999632, 0.0270488, 0, 0.0270479, -0.999625, -1, 3.33562e-05, 1.60933e-06, -0.00117087, 0.0432284, -8.34465e-07)
bone_name = "mixamorig_RightHandIndex1"
joint_constraints/bias = 0.3
joint_constraints/damping = 1.0
joint_constraints/impulse_clamp = 0.0

[node name="CollisionShape3D" type="CollisionShape3D" parent="RootNode/Armature/Skeleton3D/Physical Bone mixamorig_RightHandIndex1" index="0"]
transform = Transform3D(1, 0, 0, 0, 0, 1, 0, -1, 0, 0, 0, 0)
shape = SubResource("CapsuleShape3D_2m5ql")

[node name="Physical Bone mixamorig_RightHandIndex2" type="PhysicalBone3D" parent="RootNode/Armature/Skeleton3D" index="33"]
transform = Transform3D(0.607288, -0.720336, -0.335141, -0.461316, -0.66315, 0.589422, -0.646829, -0.203346, -0.735025, -0.374666, 2.28534, 0.75731)
joint_type = 1
joint_offset = Transform3D(1, 0, 0, 0, 1, 0, 0, 0, 1, 4.50484e-07, 1.99054e-07, 0.0419737)
body_offset = Transform3D(0.000423312, -0.999991, -0.00456214, -1.19209e-07, 0.00455908, -0.99999, 1, 0.000423148, 6.25849e-07, 0.000191689, 0.0419732, -4.76837e-07)
bone_name = "mixamorig_RightHandIndex2"
joint_constraints/bias = 0.3
joint_constraints/damping = 1.0
joint_constraints/impulse_clamp = 0.0

[node name="CollisionShape3D" type="CollisionShape3D" parent="RootNode/Armature/Skeleton3D/Physical Bone mixamorig_RightHandIndex2" index="0"]
transform = Transform3D(1, 0, 0, 0, 0, 1, 0, -1, 0, 0, 0, 0)
shape = SubResource("CapsuleShape3D_5rnps")

[node name="Physical Bone mixamorig_RightHandIndex3" type="PhysicalBone3D" parent="RootNode/Armature/Skeleton3D" index="34"]
transform = Transform3D(0.547993, -0.726469, -0.414691, -0.357506, -0.651631, 0.669038, -0.756235, -0.218376, -0.616794, -0.347166, 2.23893, 0.808142)
joint_type = 1
joint_offset = Transform3D(1, 0, 0, 0, 1, 0, 0, 0, 1, 8.28097e-07, 4.41273e-08, 0.0323966)
body_offset = Transform3D(0.000102609, -0.999579, -0.0301904, -5.96046e-08, 0.0302038, -0.999553, 1, 0.000108138, 1.12355e-05, 0.000978112, 0.0323821, -1.19209e-06)
bone_name = "mixamorig_RightHandIndex3"
joint_constraints/bias = 0.3
joint_constraints/damping = 1.0
joint_constraints/impulse_clamp = 0.0

[node name="CollisionShape3D" type="CollisionShape3D" parent="RootNode/Armature/Skeleton3D/Physical Bone mixamorig_RightHandIndex3" index="0"]
transform = Transform3D(1, 0, 0, 0, 0, 1, 0, -1, 0, 0, 0, 0)
shape = SubResource("CapsuleShape3D_vddto")

[node name="Physical Bone mixamorig_RightHandIndex4" type="PhysicalBone3D" parent="RootNode/Armature/Skeleton3D" index="35"]
transform = Transform3D(0.792219, 0.478938, -0.378211, 0.584191, -0.415853, 0.696998, 0.176543, -0.7731, -0.60922, -0.321478, 2.19467, 0.847857)
joint_type = 1
joint_offset = Transform3D(1, 0, 0, 0, 1, 0, 0, 0, 1, -4.84547e-07, -1.30454e-06, 0.032397)
