[gd_scene load_steps=54 format=3 uid="uid://cc6nn1nx58qef"]

[ext_resource type="PackedScene" uid="uid://bylomqtumfueo" path="res://enemy/enemy.glb" id="1_vpugq"]

[sub_resource type="CapsuleShape3D" id="CapsuleShape3D_61q56"]
radius = 13.043
height = 26.086

[sub_resource type="CapsuleShape3D" id="CapsuleShape3D_8bcrp"]
radius = 1.04303
height = 10.4303

[sub_resource type="CapsuleShape3D" id="CapsuleShape3D_d1g2m"]
radius = 18.949
height = 39.768

[sub_resource type="CapsuleShape3D" id="CapsuleShape3D_akit2"]
radius = 1.34103
height = 13.4103

[sub_resource type="CapsuleShape3D" id="CapsuleShape3D_xb22v"]
radius = 0.715536
height = 7.15535

[sub_resource type="CapsuleShape3D" id="CapsuleShape3D_2w8xs"]
radius = 9.907
height = 28.606

[sub_resource type="CapsuleShape3D" id="CapsuleShape3D_2gixv"]
radius = 1.28637
height = 12.8637

[sub_resource type="CapsuleShape3D" id="CapsuleShape3D_82rqv"]
radius = 2.6919
height = 26.919

[sub_resource type="CapsuleShape3D" id="CapsuleShape3D_2ygty"]
radius = 2.47895
height = 24.7895

[sub_resource type="CapsuleShape3D" id="CapsuleShape3D_d7e3a"]
radius = 0.473477
height = 4.73477

[sub_resource type="CapsuleShape3D" id="CapsuleShape3D_2nrm4"]
radius = 0.378779
height = 3.78779

[sub_resource type="CapsuleShape3D" id="CapsuleShape3D_efjso"]
radius = 0.314158
height = 3.14158

[sub_resource type="CapsuleShape3D" id="CapsuleShape3D_bioub"]
radius = 0.236413
height = 2.36413

[sub_resource type="CapsuleShape3D" id="CapsuleShape3D_e0oa8"]
radius = 0.302303
height = 3.02303

[sub_resource type="CapsuleShape3D" id="CapsuleShape3D_luoue"]
radius = 0.278809
height = 2.78809

[sub_resource type="CapsuleShape3D" id="CapsuleShape3D_u7g5x"]
radius = 0.246538
height = 2.46538

[sub_resource type="CapsuleShape3D" id="CapsuleShape3D_2n6xs"]
radius = 0.339907
height = 3.39907

[sub_resource type="CapsuleShape3D" id="CapsuleShape3D_q8v34"]
radius = 0.330118
height = 3.30118

[sub_resource type="CapsuleShape3D" id="CapsuleShape3D_fr14m"]
radius = 0.295072
height = 2.95072

[sub_resource type="CapsuleShape3D" id="CapsuleShape3D_l4b8r"]
radius = 0.297678
height = 2.97678

[sub_resource type="CapsuleShape3D" id="CapsuleShape3D_oim5h"]
radius = 0.270348
height = 2.70348

[sub_resource type="CapsuleShape3D" id="CapsuleShape3D_24je7"]
radius = 0.236569
height = 2.36569

[sub_resource type="CapsuleShape3D" id="CapsuleShape3D_k3y82"]
radius = 0.280029
height = 2.80029

[sub_resource type="CapsuleShape3D" id="CapsuleShape3D_1n38i"]
radius = 0.230674
height = 2.30674

[sub_resource type="CapsuleShape3D" id="CapsuleShape3D_eb7c4"]
radius = 0.19275
height = 1.9275

[sub_resource type="CapsuleShape3D" id="CapsuleShape3D_lmcof"]
radius = 1.28637
height = 12.8637

[sub_resource type="CapsuleShape3D" id="CapsuleShape3D_h5co8"]
radius = 2.8
height = 26.9191

[sub_resource type="CapsuleShape3D" id="CapsuleShape3D_rok6f"]
radius = 2.48212
height = 24.8212

[sub_resource type="CapsuleShape3D" id="CapsuleShape3D_h4inj"]
radius = 0.448234
height = 4.48234

[sub_resource type="CapsuleShape3D" id="CapsuleShape3D_d6m6q"]
radius = 0.358589
height = 3.58589

[sub_resource type="CapsuleShape3D" id="CapsuleShape3D_x2jkj"]
radius = 0.31346
height = 3.1346

[sub_resource type="CapsuleShape3D" id="CapsuleShape3D_jii6n"]
radius = 0.250643
height = 2.50643

[sub_resource type="CapsuleShape3D" id="CapsuleShape3D_6882w"]
radius = 0.309365
height = 3.09365

[sub_resource type="CapsuleShape3D" id="CapsuleShape3D_nwdxc"]
radius = 0.282653
height = 2.82653

[sub_resource type="CapsuleShape3D" id="CapsuleShape3D_w6bhw"]
radius = 0.247486
height = 2.47486

[sub_resource type="CapsuleShape3D" id="CapsuleShape3D_fq8op"]
radius = 0.340915
height = 3.40915

[sub_resource type="CapsuleShape3D" id="CapsuleShape3D_k6uhx"]
radius = 0.324568
height = 3.24568

[sub_resource type="CapsuleShape3D" id="CapsuleShape3D_aqktq"]
radius = 0.293759
height = 2.93759

[sub_resource type="CapsuleShape3D" id="CapsuleShape3D_20tsf"]
radius = 0.289297
height = 2.89297

[sub_resource type="CapsuleShape3D" id="CapsuleShape3D_ufag5"]
radius = 0.279845
height = 2.79845

[sub_resource type="CapsuleShape3D" id="CapsuleShape3D_s2nvs"]
radius = 0.221163
height = 2.21163

[sub_resource type="CapsuleShape3D" id="CapsuleShape3D_ows1d"]
radius = 0.279043
height = 2.79043

[sub_resource type="CapsuleShape3D" id="CapsuleShape3D_5nb51"]
radius = 0.223199
height = 2.23199

[sub_resource type="CapsuleShape3D" id="CapsuleShape3D_6orvy"]
radius = 0.183986
height = 1.83986

[sub_resource type="CapsuleShape3D" id="CapsuleShape3D_66awf"]
radius = 4.32869
height = 43.2869

[sub_resource type="CapsuleShape3D" id="CapsuleShape3D_0k5gv"]
radius = 4.57134
height = 45.7134

[sub_resource type="CapsuleShape3D" id="CapsuleShape3D_fdqre"]
radius = 1.81687
height = 18.1687

[sub_resource type="CapsuleShape3D" id="CapsuleShape3D_lhfu1"]
radius = 0.689913
height = 6.89913

[sub_resource type="CapsuleShape3D" id="CapsuleShape3D_lk0eo"]
radius = 4.32948
height = 43.2948

[sub_resource type="CapsuleShape3D" id="CapsuleShape3D_20ih4"]
radius = 4.57143
height = 45.7143

[sub_resource type="CapsuleShape3D" id="CapsuleShape3D_0wy5x"]
radius = 1.8335
height = 18.335

[sub_resource type="CapsuleShape3D" id="CapsuleShape3D_gdvgc"]
radius = 0.686319
height = 6.86319

[node name="enemy" instance=ExtResource("1_vpugq")]

[node name="Skeleton3D" parent="Armature" index="0"]
bones/0/position = Vector3(10.1596, -5.38792, -92.0926)
bones/0/rotation = Quaternion(-0.584185, -0.107359, 0.0986721, 0.798415)
bones/1/rotation = Quaternion(0.023139, -0.0330173, -0.00897732, 0.999147)
bones/2/rotation = Quaternion(0.0801631, -0.0234512, -0.00199658, 0.996504)
bones/3/rotation = Quaternion(0.0806538, -0.0214466, -0.00193131, 0.99651)
bones/4/position = Vector3(4.771e-07, 13.4104, 1.27389e-05)
bones/4/rotation = Quaternion(0.0507434, 0.00945705, -0.0159599, 0.998539)
bones/5/rotation = Quaternion(-0.0256236, 0.0082113, -0.0166353, 0.999499)
bones/7/position = Vector3(6.32232, 11.8948, -0.25803)
bones/7/rotation = Quaternion(-0.567478, -0.415347, 0.608826, -0.367133)
bones/8/position = Vector3(6.37193e-06, 12.8637, 2.1588e-06)
bones/8/rotation = Quaternion(0.363065, -0.0337186, 0.129088, 0.922162)
bones/9/rotation = Quaternion(0.103855, 0.13124, 0.635865, 0.753436)
bones/10/position = Vector3(-2.73792e-06, 24.7895, 2.69054e-06)
bones/10/rotation = Quaternion(-0.28079, 0.358533, 0.0149676, 0.890161)
bones/11/position = Vector3(-2.86892, 3.40676, 1.6066)
bones/11/rotation = Quaternion(0.164347, 0.0666715, 0.204945, 0.962571)
bones/12/position = Vector3(-0.461459, 3.75959, -6.61209e-06)
bones/12/rotation = Quaternion(0.00598324, -0.00429531, -0.0211814, 0.999749)
bones/13/position = Vector3(-0.0288131, 3.14145, 1.75593e-05)
bones/13/rotation = Quaternion(-0.022854, -0.00329085, 0.0947364, 0.995235)
bones/14/position = Vector3(0.490274, 2.31273, -3.08752e-05)
bones/15/position = Vector3(-3.53969, 10.2417, -0.134827)
bones/15/rotation = Quaternion(0.0382485, 0.00268943, 0.0464005, 0.998187)
bones/16/position = Vector3(0.00391448, 3.02303, 1.56261e-05)
bones/16/rotation = Quaternion(0.0465594, -7.14862e-05, -0.0067353, 0.998893)
bones/17/rotation = Quaternion(0.0232875, -6.70458e-06, -0.00602742, 0.999711)
bones/18/position = Vector3(-0.00855947, 2.46537, -7.21216e-06)
bones/19/position = Vector3(-1.07248, 10.1249, -0.167466)
bones/19/rotation = Quaternion(0.0382074, 0.00049494, 0.0483399, 0.9981)
bones/20/position = Vector3(0.0179732, 3.39903, -1.82046e-05)
bones/20/rotation = Quaternion(0.0466681, 3.10204e-05, -0.0116355, 0.998843)
bones/21/position = Vector3(-0.0123118, 3.30115, 6.55284e-06)
bones/21/rotation = Quaternion(0.0232728, 0.000114809, -0.00265563, 0.999726)
bones/22/position = Vector3(-0.00565845, 2.95071, -2.74181e-05)
bones/23/position = Vector3(1.26158, 10.2273, -0.243968)
bones/23/rotation = Quaternion(0.0387696, -0.00864827, 0.0450997, 0.998192)
bones/24/position = Vector3(-0.00127506, 2.97679, 4.53196e-07)
bones/24/rotation = Quaternion(0.0463873, 3.06819e-05, -0.00899516, 0.998883)
bones/25/position = Vector3(-0.00670362, 2.70348, 7.86317e-06)
bones/25/rotation = Quaternion(0.0232005, -4.336e-05, -0.00106148, 0.99973)
bones/26/position = Vector3(0.00798154, 2.36568, 1.23978e-05)
bones/27/position = Vector3(3.3506, 9.00518, -0.291378)
bones/27/rotation = Quaternion(0.0330002, -0.0241557, 0.00980752, 0.999115)
bones/28/position = Vector3(0.000890493, 2.80028, -1.56842e-05)
bones/28/rotation = Quaternion(0.0534427, 0.00167688, 0.0250488, 0.998255)
bones/29/rotation = Quaternion(0.0230557, 2.0144e-05, -0.00470279, 0.999723)
bones/30/position = Vector3(-0.000308037, 1.9275, -8.58307e-06)
bones/31/position = Vector3(-6.32233, 11.8874, -0.20991)
bones/31/rotation = Quaternion(0.581692, -0.411012, 0.59313, 0.375366)
bones/32/position = Vector3(1.04472e-06, 12.8637, -1.59624e-05)
bones/32/rotation = Quaternion(0.518036, -0.107385, -0.210874, 0.821973)
bones/33/position = Vector3(-2.90924e-06, 26.9191, 5.97232e-06)
bones/33/rotation = Quaternion(0.111468, -0.14219, -0.689472, 0.701417)
bones/34/position = Vector3(3.26555e-06, 24.8212, 3.94179e-07)
bones/34/rotation = Quaternion(-0.0484799, -0.157709, 0.0750518, 0.983435)
bones/35/rotation = Quaternion(0.151082, -0.0742812, -0.266664, 0.948972)
bones/36/rotation = Quaternion(-0.0108232, 0.0927812, 0.184223, 0.978436)
bones/37/position = Vector3(-0.0880685, 3.13337, -1.05888e-06)
bones/37/rotation = Quaternion(-0.0352439, 0.0503031, 0.0447476, 0.997108)
bones/38/position = Vector3(-0.242704, 2.49465, 1.37091e-05)
bones/39/position = Vector3(3.46569, 10.1042, -0.131706)
bones/39/rotation = Quaternion(0.0119964, -0.00277898, -0.0529034, 0.998524)
bones/40/position = Vector3(0.000427485, 3.09364, -5.897e-06)
bones/40/rotation = Quaternion(-1.7014e-06, 4.77213e-06, 0.00037786, 1)
bones/41/position = Vector3(0.00250053, 2.82654, 7.09253e-06)
bones/41/rotation = Quaternion(4.02602e-07, 3.12128e-06, -0.00102823, 0.999999)
bones/43/position = Vector3(1.14342, 10.1465, -0.309678)
bones/43/rotation = Quaternion(0.0122721, 0.00243565, -0.0531381, 0.998509)
bones/44/rotation = Quaternion(7.9722e-07, -5.61474e-06, 0.000327337, 1)
bones/45/rotation = Quaternion(9.15499e-07, 2.892e-06, 7.77195e-05, 1)
bones/46/position = Vector3(0.00101021, 2.93759, -1.25915e-06)
bones/47/position = Vector3(-1.24702, 10.3005, 0.0201738)
bones/47/rotation = Quaternion(0.0121419, -5.1117e-05, -0.0530038, 0.998521)
bones/48/position = Vector3(-0.000347137, 2.89295, -6.36045e-06)
bones/48/rotation = Quaternion(-9.98384e-07, 4.33838e-06, 0.00017644, 1)
bones/49/position = Vector3(0.000573754, 2.79845, 5.29506e-06)
bones/49/rotation = Quaternion(3.12907e-07, -6.35936e-06, -0.000152367, 1)
bones/51/position = Vector3(-3.36211, 9.36501, -0.16872)
bones/51/rotation = Quaternion(0.0127542, 0.0112906, -0.0517016, 0.998517)
bones/52/position = Vector3(0.00610781, 2.7904, 1.43444e-05)
bones/52/rotation = Quaternion(2.75249e-07, -7.7764e-05, -0.00306413, 0.999995)
bones/53/position = Vector3(-0.00875455, 2.23198, -4.1619e-06)
bones/53/rotation = Quaternion(-4.32191e-07, 8.32519e-05, 0.00267807, 0.999996)
bones/54/position = Vector3(0.00263643, 1.83985, 1.33366e-06)
bones/55/rotation = Quaternion(0.0970913, 0.473777, 0.851785, -0.201423)
bones/56/rotation = Quaternion(-0.445537, 0.0408122, -0.00670745, 0.894308)
bones/57/rotation = Quaternion(0.521343, -0.0821252, -0.122006, 0.840578)
bones/58/rotation = Quaternion(0.325439, -0.0755319, 0.0250806, 0.942208)
bones/60/rotation = Quaternion(-0.14097, 0.448128, 0.871275, 0.142085)
bones/61/rotation = Quaternion(-0.465776, -0.0633491, 0.0330966, 0.882011)
bones/62/rotation = Quaternion(0.568565, 0.0446316, 0.125439, 0.811793)
bones/63/rotation = Quaternion(0.322194, 0.0771032, -0.0252759, 0.94319)

[node name="Physical Bone mixamorig5_Hips" type="PhysicalBone3D" parent="Armature/Skeleton3D" index="1"]
transform = Transform3D(0.525473, 0.841601, 0.101896, -0.847984, 0.527487, -0.0110951, -0.0632273, -0.0807856, 0.994528, -1.72123, 85.1062, -97.8665)
joint_offset = Transform3D(1, 0, 0, 0, 1, 0, 0, 0, 1, 82.6833, -38.4692, 7.93742)
body_offset = Transform3D(0.2596, 0.950554, 0.150264, -0.209247, 0.207216, -0.955389, -0.942348, 0.2158, 0.253463, 13.9098, 32.856, 84.2062)
bone_name = "mixamorig5_Hips"

[node name="CollisionShape3D" type="CollisionShape3D" parent="Armature/Skeleton3D/Physical Bone mixamorig5_Hips" index="0"]
transform = Transform3D(0.251942, -0.0694805, -0.962277, 0.958588, 0.175713, 0.236967, 0.153044, -0.982008, 0.109888, 85.9965, -40.937, 1.58643)
shape = SubResource("CapsuleShape3D_61q56")

[node name="Physical Bone mixamorig5_Spine" type="PhysicalBone3D" parent="Armature/Skeleton3D" index="2"]
transform = Transform3D(0.549672, 0.834907, 0.0255892, -0.830254, 0.549446, -0.0931273, -0.0917818, 0.0299484, 0.995244, -2.28169, 85.6673, -107.512)
joint_type = 1
joint_offset = Transform3D(1, 0, 0, 0, 1, 0, 0, 0, 1, 80.7438, -38.5968, 15.2276)
body_offset = Transform3D(0.227241, 0.969952, 0.0861044, -0.216677, 0.136556, -0.966572, -0.949367, 0.201005, 0.241172, 17.7776, 37.4845, 80.7412)
bone_name = "mixamorig5_Spine"
joint_constraints/bias = 0.3
joint_constraints/damping = 1.0
joint_constraints/impulse_clamp = 0.0

[node name="CollisionShape3D" type="CollisionShape3D" parent="Armature/Skeleton3D/Physical Bone mixamorig5_Spine" index="0"]
transform = Transform3D(0.222587, -0.226435, -0.948245, 0.970899, 0.139733, 0.194521, 0.0884874, -0.963942, 0.250985, 82.8023, -40.9708, 8.40913)
shape = SubResource("CapsuleShape3D_8bcrp")

[node name="Physical Bone mixamorig5_Spine1" type="PhysicalBone3D" parent="Armature/Skeleton3D" index="3"]
transform = Transform3D(0.602972, 0.783799, -0.147099, -0.792701, 0.569858, -0.213464, -0.0833876, 0.245366, 0.965645, -1.57136, 87.4017, -118.451)
joint_type = 1
joint_offset = Transform3D(1, 0, 0, 0, 1, 0, 0, 0, 1, 76.003, -39.1589, 24.5315)
body_offset = Transform3D(0.24866, 0.962859, -0.102654, -0.359402, -0.00672057, -0.93293, -0.898833, 0.268591, 0.344644, 21.3239, 49.9387, 70.3771)
bone_name = "mixamorig5_Spine1"
joint_constraints/bias = 0.3
joint_constraints/damping = 1.0
joint_constraints/impulse_clamp = 0.0

[node name="CollisionShape3D" type="CollisionShape3D" parent="Armature/Skeleton3D/Physical Bone mixamorig5_Spine1" index="0"]
transform = Transform3D(0.246612, -0.371544, -0.895372, 0.963527, -0.000822663, 0.266615, -0.099616, -0.928474, 0.357759, 76.5375, -42.5846, 18.2533)
shape = SubResource("CapsuleShape3D_d1g2m")

[node name="Physical Bone mixamorig5_Spine2" type="PhysicalBone3D" parent="Armature/Skeleton3D" index="4"]
transform = Transform3D(0.649988, 0.695631, -0.305265, -0.757053, 0.560305, -0.335267, -0.0622074, 0.449108, 0.891057, 1.33182, 90.9244, -130.14)
joint_type = 1
joint_offset = Transform3D(1, 0, 0, 0, 1, 0, 0, 0, 1, 69.2222, -38.6273, 34.4329)
body_offset = Transform3D(0.272821, 0.918997, -0.283878, -0.50116, -0.116009, -0.857264, -0.820908, 0.376202, 0.429052, 26.3878, 59.7284, 56.5832)
bone_name = "mixamorig5_Spine2"
joint_constraints/bias = 0.3
joint_constraints/damping = 1.0
joint_constraints/impulse_clamp = 0.0

[node name="CollisionShape3D" type="CollisionShape3D" parent="Armature/Skeleton3D/Physical Bone mixamorig5_Spine2" index="0"]
transform = Transform3D(0.274753, -0.513481, -0.812947, 0.919859, -0.105703, 0.377718, -0.279855, -0.851595, 0.443228, 67.9712, -42.6973, 29.0555)
shape = SubResource("CapsuleShape3D_akit2")

[node name="Physical Bone mixamorig5_Neck" type="PhysicalBone3D" parent="Armature/Skeleton3D" index="5"]
transform = Transform3D(-0.634747, -0.338947, -0.69427, 0.76989, -0.202384, -0.605084, 0.0645816, -0.918716, 0.389454, 5.88526, 95.3383, -137.547)
joint_type = 1
joint_offset = Transform3D(1, 0, 0, 0, 1, 0, 0, 0, 1, -63.4168, 10.7798, 51.1096)
body_offset = Transform3D(-0.285877, -0.527565, -0.799851, 0.576996, 0.571628, -0.583241, 0.764955, -0.628332, 0.140999, 28.4377, 60.2384, 48.0779)
bone_name = "mixamorig5_Neck"
joint_constraints/bias = 0.3
joint_constraints/damping = 1.0
joint_constraints/impulse_clamp = 0.0

[node name="CollisionShape3D" type="CollisionShape3D" parent="Armature/Skeleton3D/Physical Bone mixamorig5_Neck" index="0"]
transform = Transform3D(0.29792, 0.86395, -0.40601, 0.538607, 0.199009, 0.818706, 0.788126, -0.462571, -0.406071, -61.8617, 13.2653, 51.0707)
shape = SubResource("CapsuleShape3D_xb22v")

[node name="Physical Bone mixamorig5_Head" type="PhysicalBone3D" parent="Armature/Skeleton3D" index="6"]
transform = Transform3D(-0.61937, -0.285167, -0.731342, 0.781926, -0.142632, -0.606563, 0.0686184, -0.947797, 0.311154, 16.4671, 104.225, -142.386)
joint_type = 1
joint_offset = Transform3D(1, 0, 0, 0, 1, 0, 0, 0, 1, -58.2482, 7.42731, 62.3627)
body_offset = Transform3D(-0.29803, -0.471577, -0.829848, 0.530457, 0.640979, -0.554494, 0.793428, -0.605595, 0.0590481, 37.8944, 60.7172, 47.0313)
bone_name = "mixamorig5_Head"
joint_constraints/bias = 0.3
joint_constraints/damping = 1.0
joint_constraints/impulse_clamp = 0.0

[node name="CollisionShape3D" type="CollisionShape3D" parent="Armature/Skeleton3D/Physical Bone mixamorig5_Head" index="0"]
transform = Transform3D(0.292746, 0.642856, -0.707887, 0.358978, 0.612002, 0.704619, 0.88621, -0.460453, -0.0516922, -51.4225, 10.8258, 59.2648)
shape = SubResource("CapsuleShape3D_2w8xs")

[node name="Physical Bone mixamorig5_LeftShoulder" type="PhysicalBone3D" parent="Armature/Skeleton3D" index="7"]
transform = Transform3D(-0.707479, 0.612346, -0.351463, -0.548873, -0.790311, -0.270433, -0.444638, 0.00112948, 0.893625, 9.12778, 89.5011, -141.056)
joint_type = 1
joint_offset = Transform3D(1, 0, 0, 0, 1, 0, 0, 0, 1, 33.1698, 61.4287, 29.1312)
body_offset = Transform3D(0.442193, 0.753268, -0.485872, -0.863582, 0.503646, -0.00513517, 0.241209, 0.422478, 0.87128, -46.7858, -2.14387, -59.3346)
bone_name = "mixamorig5_LeftShoulder"
joint_constraints/bias = 0.3
joint_constraints/damping = 1.0
joint_constraints/impulse_clamp = 0.0

[node name="CollisionShape3D" type="CollisionShape3D" parent="Armature/Skeleton3D/Physical Bone mixamorig5_LeftShoulder" index="0"]
transform = Transform3D(0.441461, -0.250965, -0.861544, 0.746748, -0.428658, 0.507781, -0.497359, -0.868252, -0.00237195, 35.0121, 59.9814, 23.0367)
shape = SubResource("CapsuleShape3D_2gixv")

[node name="Physical Bone mixamorig5_LeftArm" type="PhysicalBone3D" parent="Armature/Skeleton3D" index="8"]
transform = Transform3D(0.387833, -0.297622, -0.87231, -0.862116, 0.217623, -0.457574, 0.326012, 0.929492, -0.172186, 26.4876, 83.7307, -132.987)
joint_type = 1
joint_offset = Transform3D(1, 0, 0, 0, 1, 0, 0, 0, 1, 60.5573, -6.69631, 31.0356)
body_offset = Transform3D(0.712442, -0.701502, 0.0161274, 0.643443, 0.643951, -0.413764, 0.279912, 0.30515, 0.910212, -48.3416, -21.8117, -43.1564)
bone_name = "mixamorig5_LeftArm"
joint_constraints/bias = 0.3
joint_constraints/damping = 1.0
joint_constraints/impulse_clamp = 0.0

[node name="CollisionShape3D" type="CollisionShape3D" parent="Armature/Skeleton3D/Physical Bone mixamorig5_LeftArm" index="0"]
transform = Transform3D(0.707993, 0.655413, 0.262938, -0.705089, 0.63496, 0.315863, 0.040036, -0.409044, 0.911607, 66.3176, 0.988529, 26.3791)
shape = SubResource("CapsuleShape3D_82rqv")

[node name="Physical Bone mixamorig5_LeftForeArm" type="PhysicalBone3D" parent="Armature/Skeleton3D" index="9"]
transform = Transform3D(0.639003, -0.341869, -0.688882, -0.670547, 0.191152, -0.716675, 0.376678, 0.919895, -0.107225, 46.7722, 98.7728, -129.338)
joint_type = 1
joint_offset = Transform3D(1, 0, 0, 0, 1, 0, 0, 0, 1, 63.5219, 12.5843, 68.0687)
body_offset = Transform3D(0.843985, 0.481183, -0.236367, -0.493605, 0.869523, 0.00820667, 0.209497, 0.109605, 0.971464, -43.5777, 19.8538, -80.8132)
bone_name = "mixamorig5_LeftForeArm"
joint_constraints/bias = 0.3
joint_constraints/damping = 1.0
joint_constraints/impulse_clamp = 0.0

[node name="CollisionShape3D" type="CollisionShape3D" parent="Armature/Skeleton3D/Physical Bone mixamorig5_LeftForeArm" index="0"]
transform = Transform3D(0.854965, -0.477704, 0.201745, 0.464619, 0.878463, 0.112067, -0.230858, -0.00186454, 0.972993, 57.168, 20.8742, 69.1188)
shape = SubResource("CapsuleShape3D_2ygty")

[node name="Physical Bone mixamorig5_LeftHand" type="PhysicalBone3D" parent="Armature/Skeleton3D" index="10"]
transform = Transform3D(0.0152205, 0.99454, -0.102864, 0.503016, -0.0965136, -0.858804, -0.864086, -0.0386791, -0.501776, 55.5517, 109.688, -126.82)
joint_type = 1
joint_offset = Transform3D(1, 0, 0, 0, 1, 0, 0, 0, 1, -79.9891, -27.6415, 58.3849)
body_offset = Transform3D(-0.247617, 0.835701, -0.490115, 0.178985, -0.457691, -0.870849, -0.952131, -0.303388, -0.0362634, 31.9087, 52.51, -82.429)
bone_name = "mixamorig5_LeftHand"
joint_constraints/bias = 0.3
joint_constraints/damping = 1.0
joint_constraints/impulse_clamp = 0.0

[node name="CollisionShape3D" type="CollisionShape3D" parent="Armature/Skeleton3D/Physical Bone mixamorig5_LeftHand" index="0"]
transform = Transform3D(0.950432, -0.0586081, 0.305377, -0.163987, -0.928862, 0.332132, 0.264173, -0.365754, -0.892438, -81.9539, -31.5324, 60.0501)
shape = SubResource("CapsuleShape3D_d7e3a")

[node name="Physical Bone mixamorig5_LeftHandThumb1" type="PhysicalBone3D" parent="Armature/Skeleton3D" index="11"]
transform = Transform3D(0.419948, 0.876619, -0.234699, 0.427421, -0.419212, -0.800943, -0.800539, 0.23604, -0.55074, 56.245, 113.249, -124.589)
joint_type = 1
joint_offset = Transform3D(1, 0, 0, 0, 1, 0, 0, 0, 1, -86.8238, 12.1721, 59.1091)
body_offset = Transform3D(0.161611, 0.444291, -0.881124, -0.398792, -0.78731, -0.470141, -0.902639, 0.427391, 0.0499663, 60.7062, 2.74814, -86.5262)
bone_name = "mixamorig5_LeftHandThumb1"
joint_constraints/bias = 0.3
joint_constraints/damping = 1.0
joint_constraints/impulse_clamp = 0.0

[node name="CollisionShape3D" type="CollisionShape3D" parent="Armature/Skeleton3D/Physical Bone mixamorig5_LeftHandThumb1" index="0"]
transform = Transform3D(0.897703, -0.422437, 0.125169, -0.4375, -0.821062, 0.3667, -0.0521107, -0.383911, -0.92189, -90.0422, 10.2467, 60.8584)
shape = SubResource("CapsuleShape3D_2nrm4")

[node name="Physical Bone mixamorig5_LeftHandThumb2" type="PhysicalBone3D" parent="Armature/Skeleton3D" index="12"]
transform = Transform3D(0.429901, 0.826596, -0.362331, 0.433572, -0.541184, -0.721197, -0.791771, 0.153854, -0.59021, 57.2536, 115.891, -122.617)
joint_type = 1
joint_offset = Transform3D(1, 0, 0, 0, 1, 0, 0, 0, 1, -88.9532, 18.6799, 57.9267)
body_offset = Transform3D(0.185161, 0.340696, -0.92177, -0.40259, -0.828698, -0.387124, -0.896291, 0.443845, -0.0152601, 63.5016, 2.0931, -87.135)
bone_name = "mixamorig5_LeftHandThumb2"
joint_constraints/bias = 0.3
joint_constraints/damping = 1.0
joint_constraints/impulse_clamp = 0.0

[node name="CollisionShape3D" type="CollisionShape3D" parent="Armature/Skeleton3D/Physical Bone mixamorig5_LeftHandThumb2" index="0"]
transform = Transform3D(0.890075, -0.409987, 0.196105, -0.454531, -0.818165, 0.353771, 0.016979, -0.404474, -0.91444, -92.0721, 17.4749, 59.6639)
shape = SubResource("CapsuleShape3D_efjso")

[node name="Physical Bone mixamorig5_LeftHandThumb3" type="PhysicalBone3D" parent="Armature/Skeleton3D" index="13"]
transform = Transform3D(-0.42317, -0.810591, -0.404639, -0.393077, 0.566634, -0.7241, 0.816307, -0.147377, -0.558443, 58.3021, 117.882, -121.031)
joint_type = 1
joint_offset = Transform3D(1, 0, 0, 0, 1, 0, 0, 0, 1, 87.3089, -18.9404, 63.0729)
body_offset = Transform3D(-0.0608864, -0.150396, -0.986704, 0.408894, 0.897987, -0.162117, 0.910516, -0.413344, 0.00681871, 64.7017, -8.46667, -87.7551)
bone_name = "mixamorig5_LeftHandThumb3"
joint_constraints/bias = 0.3
joint_constraints/damping = 1.0
joint_constraints/impulse_clamp = 0.0

[node name="CollisionShape3D" type="CollisionShape3D" parent="Armature/Skeleton3D/Physical Bone mixamorig5_LeftHandThumb3" index="0"]
transform = Transform3D(0.905808, 0.392443, 0.159658, -0.423651, 0.833781, 0.354113, 0.00583457, -0.388398, 0.92145, 90.1535, -18.1781, 65.0142)
shape = SubResource("CapsuleShape3D_bioub")

[node name="Physical Bone mixamorig5_LeftHandIndex1" type="PhysicalBone3D" parent="Armature/Skeleton3D" index="14"]
transform = Transform3D(-0.309236, -0.634765, -0.707956, -0.107009, 0.762966, -0.637307, 0.944729, -0.121379, -0.30396, 62.2913, 117.209, -124.584)
joint_type = 1
joint_offset = Transform3D(1, 0, 0, 0, 1, 0, 0, 0, 1, 62.125, -40.5622, 77.366)
body_offset = Transform3D(0.135195, -0.361727, -0.922316, 0.361529, 0.88466, -0.293935, 0.922285, -0.29378, 0.25038, 48.2845, 36.1644, -88.5842)
bone_name = "mixamorig5_LeftHandIndex1"
joint_constraints/bias = 0.3
joint_constraints/damping = 1.0
joint_constraints/impulse_clamp = 0.0

[node name="CollisionShape3D" type="CollisionShape3D" parent="Armature/Skeleton3D/Physical Bone mixamorig5_LeftHandIndex1" index="0"]
transform = Transform3D(0.92332, 0.369328, -0.105627, -0.306171, 0.873704, 0.37791, 0.23184, -0.31663, 0.919801, 63.8993, -40.4445, 79.8392)
shape = SubResource("CapsuleShape3D_e0oa8")

[node name="Physical Bone mixamorig5_LeftHandIndex2" type="PhysicalBone3D" parent="Armature/Skeleton3D" index="15"]
transform = Transform3D(-0.315215, -0.632254, -0.706459, -0.105867, 0.763593, -0.6359, 0.940839, -0.125661, -0.308444, 64.3441, 119.052, -123.694)
joint_type = 1
joint_offset = Transform3D(1, 0, 0, 0, 1, 0, 0, 0, 1, 63.5303, -38.2859, 79.0883)
body_offset = Transform3D(0.123391, -0.37307, -0.91873, 0.449703, 0.846106, -0.283187, 0.882207, -0.37886, 0.272639, 50.5384, 26.221, -92.1144)
bone_name = "mixamorig5_LeftHandIndex2"
joint_constraints/bias = 0.3
joint_constraints/damping = 1.0
joint_constraints/impulse_clamp = 0.0

[node name="CollisionShape3D" type="CollisionShape3D" parent="Armature/Skeleton3D/Physical Bone mixamorig5_LeftHandIndex2" index="0"]
transform = Transform3D(0.884113, 0.457996, -0.0969388, -0.38979, 0.834973, 0.389303, 0.259087, -0.306196, 0.916101, 65.1242, -38.4699, 81.5343)
shape = SubResource("CapsuleShape3D_luoue")

[node name="Physical Bone mixamorig5_LeftHandIndex3" type="PhysicalBone3D" parent="Armature/Skeleton3D" index="16"]
transform = Transform3D(0.313613, 0.632789, -0.707524, 0.104032, -0.763546, -0.636848, -0.943717, 0.126132, -0.305377, 66.2012, 120.726, -122.891)
joint_type = 1
joint_offset = Transform3D(1, 0, 0, 0, 1, 0, 0, 0, 1, -64.3873, 35.8822, 81.1139)
body_offset = Transform3D(-0.120874, 0.383815, -0.915139, -0.493656, -0.823, -0.280071, -0.861087, 0.417961, 0.288969, 52.6756, 20.4635, -93.8799)
bone_name = "mixamorig5_LeftHandIndex3"
joint_constraints/bias = 0.3
joint_constraints/damping = 1.0
joint_constraints/impulse_clamp = 0.0

[node name="CollisionShape3D" type="CollisionShape3D" parent="Armature/Skeleton3D/Physical Bone mixamorig5_LeftHandIndex3" index="0"]
transform = Transform3D(0.860581, -0.500142, -0.0959284, -0.428645, -0.813004, 0.394259, -0.275271, -0.298098, -0.913946, -65.9516, 36.3029, 83.6214)
shape = SubResource("CapsuleShape3D_u7g5x")

[node name="Physical Bone mixamorig5_LeftHandMiddle1" type="PhysicalBone3D" parent="Armature/Skeleton3D" index="17"]
transform = Transform3D(-0.317646, -0.631228, -0.707314, -0.101165, 0.76407, -0.636723, 0.942745, -0.130715, -0.30667, 63.7127, 115.224, -124.361)
joint_type = 1
joint_offset = Transform3D(1, 0, 0, 0, 1, 0, 0, 0, 1, 62.1497, -39.9713, 74.8294)
body_offset = Transform3D(0.134348, -0.360354, -0.922957, 0.368816, 0.882453, -0.290967, 0.919689, -0.301266, 0.251486, 46.3108, 34.1239, -88.0189)
bone_name = "mixamorig5_LeftHandMiddle1"
joint_constraints/bias = 0.3
joint_constraints/damping = 1.0
joint_constraints/impulse_clamp = 0.0

[node name="CollisionShape3D" type="CollisionShape3D" parent="Armature/Skeleton3D/Physical Bone mixamorig5_LeftHandMiddle1" index="0"]
transform = Transform3D(0.919878, 0.376892, -0.108523, -0.311575, 0.870369, 0.381734, 0.238363, -0.317416, 0.91774, 63.9474, -39.7449, 77.2538)
shape = SubResource("CapsuleShape3D_2n6xs")

[node name="Physical Bone mixamorig5_LeftHandMiddle2" type="PhysicalBone3D" parent="Armature/Skeleton3D" index="18"]
transform = Transform3D(0.31914, 0.630635, -0.70729, 0.0997408, -0.764534, -0.636663, -0.942338, 0.132652, -0.306931, 66.0817, 117.355, -123.334)
joint_type = 1
joint_offset = Transform3D(1, 0, 0, 0, 1, 0, 0, 0, 1, -63.3524, 37.1035, 77.1482)
body_offset = Transform3D(-0.123633, 0.380655, -0.916313, -0.457625, -0.841198, -0.287702, -0.880394, 0.383794, 0.278216, 48.7358, 24.4155, -91.479)
bone_name = "mixamorig5_LeftHandMiddle2"
joint_constraints/bias = 0.3
joint_constraints/damping = 1.0
joint_constraints/impulse_clamp = 0.0

[node name="CollisionShape3D" type="CollisionShape3D" parent="Armature/Skeleton3D/Physical Bone mixamorig5_LeftHandMiddle2" index="0"]
transform = Transform3D(0.879862, -0.464184, -0.101905, -0.393082, -0.831346, 0.392856, -0.26708, -0.305605, -0.913936, -65.0916, 37.1185, 79.5659)
shape = SubResource("CapsuleShape3D_q8v34")

[node name="Physical Bone mixamorig5_LeftHandMiddle3" type="PhysicalBone3D" parent="Armature/Skeleton3D" index="19"]
transform = Transform3D(0.318365, 0.631033, -0.707331, 0.100733, -0.764446, -0.636675, -0.942512, 0.131483, -0.306955, 68.2949, 119.348, -122.371)
joint_type = 1
joint_offset = Transform3D(1, 0, 0, 0, 1, 0, 0, 0, 1, -64.9017, 34.2398, 79.3336)
body_offset = Transform3D(-0.121356, 0.384818, -0.914921, -0.497704, -0.82104, -0.279311, -0.858718, 0.421518, 0.291203, 51.5317, 17.9692, -93.2672)
bone_name = "mixamorig5_LeftHandMiddle3"
joint_constraints/bias = 0.3
joint_constraints/damping = 1.0
joint_constraints/impulse_clamp = 0.0

[node name="CollisionShape3D" type="CollisionShape3D" parent="Armature/Skeleton3D/Physical Bone mixamorig5_LeftHandMiddle3" index="0"]
transform = Transform3D(0.858011, -0.504353, -0.0972139, -0.431225, -0.810202, 0.397047, -0.27896, -0.298774, -0.912626, -66.5404, 34.5067, 81.7596)
shape = SubResource("CapsuleShape3D_fr14m")

[node name="Physical Bone mixamorig5_LeftHandRing1" type="PhysicalBone3D" parent="Armature/Skeleton3D" index="20"]
transform = Transform3D(0.338996, 0.620126, -0.707327, 0.0754156, -0.767295, -0.636682, -0.937654, 0.162504, -0.306951, 64.9609, 113.226, -124.244)
joint_type = 1
joint_offset = Transform3D(1, 0, 0, 0, 1, 0, 0, 0, 1, -61.1132, 40.6623, 72.314)
body_offset = Transform3D(-0.136365, 0.375734, -0.916567, -0.399329, -0.867464, -0.296272, -0.9065, 0.325632, 0.268373, 42.6687, 32.2934, -88.0472)
bone_name = "mixamorig5_LeftHandRing1"
joint_constraints/bias = 0.3
joint_constraints/damping = 1.0
joint_constraints/impulse_clamp = 0.0

[node name="CollisionShape3D" type="CollisionShape3D" parent="Armature/Skeleton3D/Physical Bone mixamorig5_LeftHandRing1" index="0"]
transform = Transform3D(0.905021, -0.406323, -0.125955, -0.329475, -0.85693, 0.396589, -0.269038, -0.317396, -0.909225, -62.7762, 40.7121, 74.8177)
shape = SubResource("CapsuleShape3D_l4b8r")

[node name="Physical Bone mixamorig5_LeftHandRing2" type="PhysicalBone3D" parent="Armature/Skeleton3D" index="21"]
transform = Transform3D(0.327608, 0.626308, -0.707352, 0.0894526, -0.76584, -0.636688, -0.940505, 0.145321, -0.306944, 66.982, 115.032, -123.371)
joint_type = 1
joint_offset = Transform3D(1, 0, 0, 0, 1, 0, 0, 0, 1, -62.988, 36.9201, 74.2801)
body_offset = Transform3D(-0.135488, 0.38861, -0.911355, -0.468809, -0.83546, -0.286541, -0.872777, 0.388435, 0.295398, 44.8139, 22.6002, -91.2578)
bone_name = "mixamorig5_LeftHandRing2"
joint_constraints/bias = 0.3
joint_constraints/damping = 1.0
joint_constraints/impulse_clamp = 0.0

[node name="CollisionShape3D" type="CollisionShape3D" parent="Armature/Skeleton3D/Physical Bone mixamorig5_LeftHandRing2" index="0"]
transform = Transform3D(0.873114, -0.475327, -0.108373, -0.39955, -0.825049, 0.399585, -0.279343, -0.305636, -0.910244, -64.5239, 37.2265, 76.8106)
shape = SubResource("CapsuleShape3D_oim5h")

[node name="Physical Bone mixamorig5_LeftHandRing3" type="PhysicalBone3D" parent="Armature/Skeleton3D" index="22"]
transform = Transform3D(-0.331619, -0.623422, -0.706983, -0.0830858, 0.766146, -0.636568, 0.937547, -0.152168, -0.306879, 68.7619, 116.648, -122.594)
joint_type = 1
joint_offset = Transform3D(1, 0, 0, 0, 1, 0, 0, 0, 1, 64.1271, -35.1788, 76.0799)
body_offset = Transform3D(0.131479, -0.391047, -0.910359, 0.514503, 0.811506, -0.274521, 0.844908, -0.432816, 0.308389, 47.0721, 16.4397, -92.8697)
bone_name = "mixamorig5_LeftHandRing3"
joint_constraints/bias = 0.3
joint_constraints/damping = 1.0
joint_constraints/impulse_clamp = 0.0

[node name="CollisionShape3D" type="CollisionShape3D" parent="Armature/Skeleton3D/Physical Bone mixamorig5_LeftHandRing3" index="0"]
transform = Transform3D(0.846517, 0.523116, -0.107217, -0.440633, 0.798944, 0.409229, 0.299182, -0.298539, 0.906064, 65.5369, -35.7311, 78.6248)
shape = SubResource("CapsuleShape3D_24je7")

[node name="Physical Bone mixamorig5_LeftHandPinky1" type="PhysicalBone3D" parent="Armature/Skeleton3D" index="23"]
transform = Transform3D(-0.315489, -0.576701, -0.75349, -0.0865646, 0.808205, -0.582378, 0.944977, -0.118532, -0.30489, 65.2072, 110.696, -124.531)
joint_type = 1
joint_offset = Transform3D(1, 0, 0, 0, 1, 0, 0, 0, 1, 61.138, -43.9156, 67.2111)
body_offset = Transform3D(0.160104, -0.378795, -0.911453, 0.380172, 0.875772, -0.297205, 0.910958, -0.298945, 0.284243, 34.8363, 35.1926, -87.9268)
bone_name = "mixamorig5_LeftHandPinky1"
joint_constraints/bias = 0.3
joint_constraints/damping = 1.0
joint_constraints/impulse_clamp = 0.0

[node name="CollisionShape3D" type="CollisionShape3D" parent="Armature/Skeleton3D/Physical Bone mixamorig5_LeftHandPinky1" index="0"]
transform = Transform3D(0.917333, 0.386024, -0.097243, -0.323706, 0.865491, 0.382376, 0.231763, -0.319297, 0.918853, 62.6765, -44.2291, 69.6869)
shape = SubResource("CapsuleShape3D_k3y82")

[node name="Physical Bone mixamorig5_LeftHandPinky2" type="PhysicalBone3D" parent="Armature/Skeleton3D" index="24"]
transform = Transform3D(0.363341, 0.606153, -0.70729, 0.0448667, -0.76972, -0.63664, -0.9304, 0.199682, -0.30693, 67.0728, 112.247, -123.749)
joint_type = 1
joint_offset = Transform3D(1, 0, 0, 0, 1, 0, 0, 0, 1, -60.5641, 40.5637, 70.9406)
body_offset = Transform3D(-0.141891, 0.408268, -0.90164, -0.516193, -0.807647, -0.284502, -0.844445, 0.425192, 0.325392, 38.8085, 21.6811, -91.4739)
bone_name = "mixamorig5_LeftHandPinky2"
joint_constraints/bias = 0.3
joint_constraints/damping = 1.0
joint_constraints/impulse_clamp = 0.0

[node name="CollisionShape3D" type="CollisionShape3D" parent="Armature/Skeleton3D/Physical Bone mixamorig5_LeftHandPinky2" index="0"]
transform = Transform3D(0.842094, -0.522471, -0.134093, -0.425245, -0.796075, 0.430663, -0.331657, -0.305581, -0.892492, -61.9101, 41.1279, 73.5744)
shape = SubResource("CapsuleShape3D_1n38i")

[node name="Physical Bone mixamorig5_LeftHandPinky3" type="PhysicalBone3D" parent="Armature/Skeleton3D" index="25"]
transform = Transform3D(0.392152, 0.588036, -0.707257, 0.00776621, -0.770993, -0.636668, -0.919693, 0.244217, -0.30696, 68.5745, 113.6, -123.099)
joint_type = 1
joint_offset = Transform3D(1, 0, 0, 0, 1, 0, 0, 0, 1, -59.8271, 41.6269, 72.4071)
body_offset = Transform3D(-0.11659, 0.421891, -0.899003, -0.592961, -0.755696, -0.277716, -0.796545, 0.500791, 0.338307, 40.5569, 16.0907, -92.9971)
bone_name = "mixamorig5_LeftHandPinky3"
joint_constraints/bias = 0.3
joint_constraints/damping = 1.0
joint_constraints/impulse_clamp = 0.0

[node name="CollisionShape3D" type="CollisionShape3D" parent="Armature/Skeleton3D/Physical Bone mixamorig5_LeftHandPinky3" index="0"]
transform = Transform3D(0.788034, -0.598424, -0.144716, -0.478703, -0.74339, 0.467048, -0.387038, -0.29875, -0.872346, -60.9778, 42.469, 75.0678)
shape = SubResource("CapsuleShape3D_eb7c4")

[node name="Physical Bone mixamorig5_RightShoulder" type="PhysicalBone3D" parent="Armature/Skeleton3D" index="26"]
transform = Transform3D(0.642273, -0.152602, 0.750744, 0.61831, -0.474867, -0.625654, 0.452148, 0.866103, -0.210829, -6.14779, 101.363, -133.145)
joint_type = 1
joint_offset = Transform3D(1, 0, 0, 0, 1, 0, 0, 0, 1, -50.9291, 43.7979, 62.7846)
body_offset = Transform3D(0.404269, 0.295544, -0.86525, -0.819698, 0.536034, -0.199924, 0.404873, 0.790091, 0.459218, 61.9693, -52.6715, -42.8163)
bone_name = "mixamorig5_RightShoulder"
joint_constraints/bias = 0.3
joint_constraints/damping = 1.0
joint_constraints/impulse_clamp = 0.0

[node name="CollisionShape3D" type="CollisionShape3D" parent="Armature/Skeleton3D/Physical Bone mixamorig5_RightShoulder" index="0"]
transform = Transform3D(0.422089, -0.819543, 0.387636, 0.307123, 0.531812, 0.78936, -0.852847, -0.214055, 0.475945, -58.1719, 48.168, 62.4605)
shape = SubResource("CapsuleShape3D_lmcof")

[node name="Physical Bone mixamorig5_RightArm" type="PhysicalBone3D" parent="Armature/Skeleton3D" index="27"]
transform = Transform3D(0.899653, 0.300684, 0.315798, -0.235622, 0.944557, -0.226944, -0.366904, 0.1307, 0.919791, -15.2256, 108.462, -144.187)
joint_type = 1
joint_offset = Transform3D(1, 0, 0, 0, 1, 0, 0, 0, 1, 26.2304, -96.9879, 39.9671)
body_offset = Transform3D(-0.430194, 0.88006, 0.200619, -0.175782, -0.299242, 0.936269, 0.885182, 0.368279, 0.283548, 88.6212, -61.832, 1.16737)
bone_name = "mixamorig5_RightArm"
joint_constraints/bias = 0.3
joint_constraints/damping = 1.0
joint_constraints/impulse_clamp = 0.0

[node name="CollisionShape3D" type="CollisionShape3D" parent="Armature/Skeleton3D/Physical Bone mixamorig5_RightArm" index="0"]
transform = Transform3D(-0.21959, -0.314617, 0.9227, 0.972037, -0.150107, 0.179511, 0.0813727, 0.938453, 0.339381, 21.6358, -98.6135, 51.8341)
shape = SubResource("CapsuleShape3D_h5co8")

[node name="Physical Bone mixamorig5_RightForeArm" type="PhysicalBone3D" parent="Armature/Skeleton3D" index="28"]
transform = Transform3D(0.162479, 0.965838, 0.200316, -0.912446, 0.224455, -0.341701, -0.375222, -0.12763, 0.917871, -5.37296, 135.06, -139.667)
joint_type = 1
joint_offset = Transform3D(1, 0, 0, 0, 1, 0, 0, 0, 1, 120.036, -38.4713, 80.6271)
body_offset = Transform3D(-0.0935377, 0.214731, -0.97194, -0.889617, 0.420049, 0.178299, 0.446743, 0.881454, 0.151385, 97.8535, 108.57, -31.9202)
bone_name = "mixamorig5_RightForeArm"
joint_constraints/bias = 0.3
joint_constraints/damping = 1.0
joint_constraints/impulse_clamp = 0.0

[node name="CollisionShape3D" type="CollisionShape3D" parent="Armature/Skeleton3D/Physical Bone mixamorig5_RightForeArm" index="0"]
transform = Transform3D(0.424587, -0.77941, 0.46052, 0.699243, 0.605494, 0.380308, -0.575171, 0.160541, 0.802164, 108.666, -35.186, 83.6151)
shape = SubResource("CapsuleShape3D_rok6f")

[node name="Physical Bone mixamorig5_RightHand" type="PhysicalBone3D" parent="Armature/Skeleton3D" index="29"]
transform = Transform3D(-0.182587, 0.506267, -0.84271, 0.396599, 0.822231, 0.407992, 0.899534, -0.259762, -0.350921, 22.9864, 135.477, -130.652)
joint_type = 1
joint_offset = Transform3D(1, 0, 0, 0, 1, 0, 0, 0, 1, -13.2524, -123.625, -44.7141)
body_offset = Transform3D(-0.585181, 0.785431, 0.201211, 0.798571, 0.601245, -0.0243658, -0.14014, 0.146461, -0.979124, 98.3407, 83.8222, -27.5316)
bone_name = "mixamorig5_RightHand"
joint_constraints/bias = 0.3
joint_constraints/damping = 1.0
joint_constraints/impulse_clamp = 0.0

[node name="CollisionShape3D" type="CollisionShape3D" parent="Armature/Skeleton3D/Physical Bone mixamorig5_RightHand" index="0"]
transform = Transform3D(0.166309, 0.125779, 0.978043, -0.292088, 0.953571, -0.0729467, -0.941834, -0.273515, 0.19533, -13.2423, -120.451, -47.259)
shape = SubResource("CapsuleShape3D_h4inj")

[node name="Physical Bone mixamorig5_RightHandThumb1" type="PhysicalBone3D" parent="Armature/Skeleton3D" index="30"]
transform = Transform3D(-0.333828, 0.264383, -0.904702, -0.00670585, 0.959076, 0.282725, 0.942503, 0.100453, -0.318419, 26.5011, 134.052, -129.301)
joint_type = 1
joint_offset = Transform3D(1, 0, 0, 0, 1, 0, 0, 0, 1, 41.0107, -118.089, -24.1921)
