[gd_scene load_steps=9 format=3 uid="uid://csn2tyxj5vsgt"]

[ext_resource type="Texture2D" uid="uid://cag2t28guje1o" path="res://assets/GLB format/Textures/696.jpg" id="1_hk0cn"]
[ext_resource type="PackedScene" uid="uid://c15yn321sang4" path="res://scenes/pine_crooked_2.tscn" id="2_os15o"]
[ext_resource type="PackedScene" uid="uid://bpe28t5w227h8" path="res://scenes/iron_fence_border_2.tscn" id="4_g6ew2"]
[ext_resource type="PackedScene" uid="uid://bk17f0dd1h3v8" path="res://assets/GLB format/road.glb" id="4_w6olg"]
[ext_resource type="PackedScene" uid="uid://nbjh63lhytyu" path="res://scenes/iron_fence_border_column_2.tscn" id="5_vkyi5"]
[ext_resource type="PackedScene" uid="uid://dcgtgg54il6ru" path="res://scenes/invisible_wall.tscn" id="6_gcak4"]

[sub_resource type="NavigationMesh" id="NavigationMesh_coirx"]
vertices = PackedVector3Array(-49.1393, 1.27134, -31.6918, -49.1393, 1.27134, 42.3082, 24.8607, 1.27134, 42.3082, 24.8607, 1.27134, -31.6918)
polygons = [PackedInt32Array(3, 2, 0), PackedInt32Array(0, 2, 1)]
agent_max_slope = 60.0

[sub_resource type="StandardMaterial3D" id="StandardMaterial3D_6dhy7"]
albedo_texture = ExtResource("1_hk0cn")
uv1_triplanar = true

[node name="map" type="Node3D"]
transform = Transform3D(1, 0, 0, 0, 1, 0, 0, 0, 1, -6.12569, -1.56005, 1.51251)
rotation_order = 0

[node name="NavigationRegion3D" type="NavigationRegion3D" parent="."]
navigation_mesh = SubResource("NavigationMesh_coirx")
navigation_layers = 2

[node name="CSGBox3D" type="CSGBox3D" parent="NavigationRegion3D"]
transform = Transform3D(1, 0, 0, 0, 1, 0, 0, 0, 1, -12.1393, 1.45822, 5.30824)
material_override = SubResource("StandardMaterial3D_6dhy7")
custom_aabb = AABB(22, 0, 0, 0, 0, 0)
use_collision = true
size = Vector3(75, 0.01, 75)

[node name="tree" type="Node3D" parent="."]

[node name="pine-crooked2" parent="tree" instance=ExtResource("2_os15o")]
transform = Transform3D(1, 0, 0, 0, 1, 0, 0, 0, 1, -7.29786, 0.781339, -31.1031)

[node name="pine-crooked3" parent="tree" instance=ExtResource("2_os15o")]
transform = Transform3D(1, 0, 0, 0, 1, 0, 0, 0, 1, -6.41949, 0.781339, -31.5128)

[node name="pine-crooked4" parent="tree" instance=ExtResource("2_os15o")]
transform = Transform3D(1, 0, 0, 0, 1, 0, 0, 0, 1, -8.28022, 0.781339, -31.6238)

[node name="pine-crooked5" parent="tree" instance=ExtResource("2_os15o")]
transform = Transform3D(1, 0, 0, 0, 1, 0, 0, 0, 1, -9.27867, 0.781339, -31.1797)

[node name="pine-crooked6" parent="tree" instance=ExtResource("2_os15o")]
transform = Transform3D(1, 0, 0, 0, 1, 0, 0, 0, 1, -10.2924, 0.781339, -31.4651)

[node name="pine-crooked7" parent="tree" instance=ExtResource("2_os15o")]
transform = Transform3D(1, 0, 0, 0, 1, 0, 0, 0, 1, -5.5161, 0.781339, -31.2657)

[node name="pine-crooked8" parent="tree" instance=ExtResource("2_os15o")]
transform = Transform3D(1, 0, 0, 0, 1, 0, 0, 0, 1, -4.60396, 0.781339, -31.6849)

[node name="pine-crooked10" parent="tree" instance=ExtResource("2_os15o")]
transform = Transform3D(1, 0, 0, 0, 1, 0, 0, 0, 1, 0.510013, 0.781339, -31.2159)

[node name="pine-crooked11" parent="tree" instance=ExtResource("2_os15o")]
transform = Transform3D(1, 0, 0, 0, 1, 0, 0, 0, 1, -3.85608, 0.781339, -31.2946)

[node name="pine-crooked12" parent="tree" instance=ExtResource("2_os15o")]
transform = Transform3D(1, 0, 0, 0, 1, 0, 0, 0, 1, -2.94291, 0.781339, -30.7688)

[node name="pine-crooked13" parent="tree" instance=ExtResource("2_os15o")]
transform = Transform3D(1, 0, 0, 0, 1, 0, 0, 0, 1, -2.16315, 0.781339, -30.3772)

[node name="pine-crooked14" parent="tree" instance=ExtResource("2_os15o")]
transform = Transform3D(1, 0, 0, 0, 1, 0, 0, 0, 1, -1.22079, 0.781339, -30.2396)

[node name="pine-crooked15" parent="tree" instance=ExtResource("2_os15o")]
transform = Transform3D(1, 0, 0, 0, 1, 0, 0, 0, 1, -0.204863, 0.781339, -30.6318)

[node name="pine-crooked16" parent="tree" instance=ExtResource("2_os15o")]
transform = Transform3D(1, 0, 0, 0, 1, 0, 0, 0, 1, -2.56063, 0.781339, -31.2569)

[node name="pine-crooked17" parent="tree" instance=ExtResource("2_os15o")]
transform = Transform3D(1, 0, 0, 0, 1, 0, 0, 0, 1, -2.56063, 0.781339, -31.2569)

[node name="pine-crooked18" parent="tree" instance=ExtResource("2_os15o")]
transform = Transform3D(1, 0, 0, 0, 1, 0, 0, 0, 1, -1.70814, 0.781339, -31.5871)

[node name="pine-crooked19" parent="tree" instance=ExtResource("2_os15o")]
transform = Transform3D(1, 0, 0, 0, 1, 0, 0, 0, 1, 1.64982, 0.781339, -31.0471)

[node name="pine-crooked20" parent="tree" instance=ExtResource("2_os15o")]
transform = Transform3D(1, 0, 0, 0, 1, 0, 0, 0, 1, 0.93932, 0.781339, -30.4384)

[node name="pine-crooked21" parent="tree" instance=ExtResource("2_os15o")]
transform = Transform3D(1, 0, 0, 0, 1, 0, 0, 0, 1, 2.76261, 0.781339, -31.2569)

[node name="pine-crooked22" parent="tree" instance=ExtResource("2_os15o")]
transform = Transform3D(1, 0, 0, 0, 1, 0, 0, 0, 1, 3.78971, 0.781339, -31.2569)

[node name="pine-crooked23" parent="tree" instance=ExtResource("2_os15o")]
transform = Transform3D(1, 0, 0, 0, 1, 0, 0, 0, 1, 4.90597, 0.781339, -31.2569)

[node name="pine-crooked24" parent="tree" instance=ExtResource("2_os15o")]
transform = Transform3D(1, 0, 0, 0, 1, 0, 0, 0, 1, 5.97764, 0.781339, -30.8844)

[node name="pine-crooked25" parent="tree" instance=ExtResource("2_os15o")]
transform = Transform3D(1, 0, 0, 0, 1, 0, 0, 0, 1, 2.28098, 0.781339, -30.2842)

[node name="pine-crooked26" parent="tree" instance=ExtResource("2_os15o")]
transform = Transform3D(1, 0, 0, 0, 1, 0, 0, 0, 1, 4.57298, 0.781339, -30.4385)

[node name="pine-crooked27" parent="tree" instance=ExtResource("2_os15o")]
transform = Transform3D(1, 0, 0, 0, 1, 0, 0, 0, 1, 6.59068, 0.781339, -31.7413)

[node name="pine-crooked28" parent="tree" instance=ExtResource("2_os15o")]
transform = Transform3D(1, 0, 0, 0, 1, 0, 0, 0, 1, 5.21399, 0.781339, -30.1807)

[node name="pine-crooked29" parent="tree" instance=ExtResource("2_os15o")]
transform = Transform3D(1, 0, 0, 0, 1, 0, 0, 0, 1, 6.25304, 0.781339, -30.1009)

[node name="pine-crooked30" parent="tree" instance=ExtResource("2_os15o")]
transform = Transform3D(1, 0, 0, 0, 1, 0, 0, 0, 1, 7.05662, 0.781339, -30.7128)

[node name="pine-crooked31" parent="tree" instance=ExtResource("2_os15o")]
transform = Transform3D(1, 0, 0, 0, 1, 0, 0, 0, 1, 7.82801, 0.781339, -31.3673)

[node name="pine-crooked32" parent="tree" instance=ExtResource("2_os15o")]
transform = Transform3D(1, 0, 0, 0, 1, 0, 0, 0, 1, 8.0701, 0.781339, -30.4385)

[node name="pine-crooked33" parent="tree" instance=ExtResource("2_os15o")]
transform = Transform3D(1, 0, 0, 0, 1, 0, 0, 0, 1, 7.16962, 0.781339, -29.6332)

[node name="pine-crooked34" parent="tree" instance=ExtResource("2_os15o")]
transform = Transform3D(1, 0, 0, 0, 1, 0, 0, 0, 1, 8.91035, 0.781339, -31.7198)

[node name="pine-crooked35" parent="tree" instance=ExtResource("2_os15o")]
transform = Transform3D(1, 0, 0, 0, 1, 0, 0, 0, 1, 9.10257, 0.781339, -30.7913)

[node name="pine-crooked36" parent="tree" instance=ExtResource("2_os15o")]
transform = Transform3D(1, 0, 0, 0, 1, 0, 0, 0, 1, 8.17948, 0.781339, -29.6685)

[node name="pine-crooked37" parent="tree" instance=ExtResource("2_os15o")]
transform = Transform3D(1, 0, 0, 0, 1, 0, 0, 0, 1, 9.33631, 0.781339, -29.7914)

[node name="pine-crooked38" parent="tree" instance=ExtResource("2_os15o")]
transform = Transform3D(1, 0, 0, 0, 1, 0, 0, 0, 1, 10.2768, 0.781339, -29.4873)

[node name="pine-crooked39" parent="tree" instance=ExtResource("2_os15o")]
transform = Transform3D(1, 0, 0, 0, 1, 0, 0, 0, 1, 11.1588, 0.781339, -29.264)

[node name="pine-crooked40" parent="tree" instance=ExtResource("2_os15o")]
transform = Transform3D(1, 0, 0, 0, 1, 0, 0, 0, 1, 12.0267, 0.781339, -28.9866)

[node name="pine-crooked9" parent="tree" instance=ExtResource("2_os15o")]
transform = Transform3D(1, 0, 0, 0, 1, 0, 0, 0, 1, -7.29786, 0.781339, -31.9258)

[node name="pine-crooked41" parent="tree" instance=ExtResource("2_os15o")]
transform = Transform3D(0.0344808, 0, -0.999405, 0, 1, 0, 0.999405, 0, 0.0344808, 23.3645, 0.781339, -20.7468)

[node name="pine-crooked102" parent="tree" instance=ExtResource("2_os15o")]
transform = Transform3D(0.0344808, 0, -0.999405, 0, 1, 0, 0.999405, 0, 0.0344808, 23.8043, 0.781339, -19.8831)

[node name="pine-crooked103" parent="tree" instance=ExtResource("2_os15o")]
transform = Transform3D(0.0344808, 0, -0.999405, 0, 1, 0, 0.999405, 0, 0.0344808, 23.8511, 0.781339, -21.7465)

[node name="pine-crooked104" parent="tree" instance=ExtResource("2_os15o")]
transform = Transform3D(0.0344808, 0, -0.999405, 0, 1, 0, 0.999405, 0, 0.0344808, 23.3728, 0.781339, -22.7291)

[node name="pine-crooked105" parent="tree" instance=ExtResource("2_os15o")]
transform = Transform3D(0.0344808, 0, -0.999405, 0, 1, 0, 0.999405, 0, 0.0344808, 23.6231, 0.781339, -23.752)

[node name="pine-crooked106" parent="tree" instance=ExtResource("2_os15o")]
transform = Transform3D(0.0344808, 0, -0.999405, 0, 1, 0, 0.999405, 0, 0.0344808, 23.5885, 0.781339, -18.9717)

[node name="pine-crooked107" parent="tree" instance=ExtResource("2_os15o")]
transform = Transform3D(0.0344808, 0, -0.999405, 0, 1, 0, 0.999405, 0, 0.0344808, 24.0389, 0.781339, -18.0746)

[node name="pine-crooked108" parent="tree" instance=ExtResource("2_os15o")]
transform = Transform3D(0.0344808, 0, -0.999405, 0, 1, 0, 0.999405, 0, 0.0344808, 23.7465, 0.781339, -12.9475)

[node name="pine-crooked109" parent="tree" instance=ExtResource("2_os15o")]
transform = Transform3D(0.0344808, 0, -0.999405, 0, 1, 0, 0.999405, 0, 0.0344808, 23.6746, 0.781339, -17.3137)

[node name="pine-crooked110" parent="tree" instance=ExtResource("2_os15o")]
transform = Transform3D(0.0344808, 0, -0.999405, 0, 1, 0, 0.999405, 0, 0.0344808, 23.1806, 0.781339, -16.3829)

[node name="pine-crooked111" parent="tree" instance=ExtResource("2_os15o")]
transform = Transform3D(0.0344808, 0, -0.999405, 0, 1, 0, 0.999405, 0, 0.0344808, 22.8161, 0.781339, -15.5901)

[node name="pine-crooked112" parent="tree" instance=ExtResource("2_os15o")]
transform = Transform3D(0.0344808, 0, -0.999405, 0, 1, 0, 0.999405, 0, 0.0344808, 22.7111, 0.781339, -14.6436)

[node name="pine-crooked113" parent="tree" instance=ExtResource("2_os15o")]
transform = Transform3D(0.0344808, 0, -0.999405, 0, 1, 0, 0.999405, 0, 0.0344808, 23.1381, 0.781339, -13.6418)

[node name="pine-crooked114" parent="tree" instance=ExtResource("2_os15o")]
transform = Transform3D(0.0344808, 0, -0.999405, 0, 1, 0, 0.999405, 0, 0.0344808, 23.6816, 0.781339, -16.0177)

[node name="pine-crooked115" parent="tree" instance=ExtResource("2_os15o")]
transform = Transform3D(0.0344808, 0, -0.999405, 0, 1, 0, 0.999405, 0, 0.0344808, 23.6816, 0.781339, -16.0177)

[node name="pine-crooked116" parent="tree" instance=ExtResource("2_os15o")]
transform = Transform3D(0.0344808, 0, -0.999405, 0, 1, 0, 0.999405, 0, 0.0344808, 24.041, 0.781339, -15.1771)

[node name="pine-crooked117" parent="tree" instance=ExtResource("2_os15o")]
transform = Transform3D(0.0344808, 0, -0.999405, 0, 1, 0, 0.999405, 0, 0.0344808, 23.6171, 0.781339, -11.8025)

[node name="pine-crooked118" parent="tree" instance=ExtResource("2_os15o")]
transform = Transform3D(0.0344808, 0, -0.999405, 0, 1, 0, 0.999405, 0, 0.0344808, 22.9843, 0.781339, -12.4916)

[node name="pine-crooked119" parent="tree" instance=ExtResource("2_os15o")]
transform = Transform3D(0.0344808, 0, -0.999405, 0, 1, 0, 0.999405, 0, 0.0344808, 23.8652, 0.781339, -10.6976)

[node name="pine-crooked120" parent="tree" instance=ExtResource("2_os15o")]
transform = Transform3D(0.0344808, 0, -0.999405, 0, 1, 0, 0.999405, 0, 0.0344808, 23.9006, 0.781339, -9.67113)

[node name="pine-crooked121" parent="tree" instance=ExtResource("2_os15o")]
transform = Transform3D(0.0344808, 0, -0.999405, 0, 1, 0, 0.999405, 0, 0.0344808, 23.9391, 0.781339, -8.55553)

[node name="pine-crooked122" parent="tree" instance=ExtResource("2_os15o")]
transform = Transform3D(0.0344808, 0, -0.999405, 0, 1, 0, 0.999405, 0, 0.0344808, 23.6037, 0.781339, -7.47166)

[node name="pine-crooked123" parent="tree" instance=ExtResource("2_os15o")]
transform = Transform3D(0.0344808, 0, -0.999405, 0, 1, 0, 0.999405, 0, 0.0344808, 22.8764, 0.781339, -11.1454)

[node name="pine-crooked124" parent="tree" instance=ExtResource("2_os15o")]
transform = Transform3D(0.0344808, 0, -0.999405, 0, 1, 0, 0.999405, 0, 0.0344808, 23.1097, 0.781339, -8.86011)

[node name="pine-crooked125" parent="tree" instance=ExtResource("2_os15o")]
transform = Transform3D(0.0344808, 0, -0.999405, 0, 1, 0, 0.999405, 0, 0.0344808, 24.4812, 0.781339, -6.88853)

[node name="pine-crooked126" parent="tree" instance=ExtResource("2_os15o")]
transform = Transform3D(0.0344808, 0, -0.999405, 0, 1, 0, 0.999405, 0, 0.0344808, 22.8741, 0.781339, -8.21059)

[node name="pine-crooked127" parent="tree" instance=ExtResource("2_os15o")]
transform = Transform3D(0.0344808, 0, -0.999405, 0, 1, 0, 0.999405, 0, 0.0344808, 22.8302, 0.781339, -7.16941)

[node name="pine-crooked128" parent="tree" instance=ExtResource("2_os15o")]
transform = Transform3D(0.0344808, 0, -0.999405, 0, 1, 0, 0.999405, 0, 0.0344808, 23.4694, 0.781339, -6.3874)

[node name="pine-crooked129" parent="tree" instance=ExtResource("2_os15o")]
transform = Transform3D(0.0344808, 0, -0.999405, 0, 1, 0, 0.999405, 0, 0.0344808, 22.3944, 0.781339, -6.23725)

[node name="pine-crooked130" parent="tree" instance=ExtResource("2_os15o")]
transform = Transform3D(0.0344808, 0, -0.999405, 0, 1, 0, 0.999405, 0, 0.0344808, 24.1867, 0.781339, -20.7752)

[node name="pine-crooked42" parent="tree" instance=ExtResource("2_os15o")]
transform = Transform3D(1, 0, 0, 0, 1, 0, 0, 0, 1, 13.4107, 0.781339, -30.6598)

[node name="pine-crooked43" parent="tree" instance=ExtResource("2_os15o")]
transform = Transform3D(1, 0, 0, 0, 1, 0, 0, 0, 1, 14.2891, 0.781339, -31.0695)

[node name="pine-crooked44" parent="tree" instance=ExtResource("2_os15o")]
transform = Transform3D(1, 0, 0, 0, 1, 0, 0, 0, 1, 12.4284, 0.781339, -31.1805)

[node name="pine-crooked45" parent="tree" instance=ExtResource("2_os15o")]
transform = Transform3D(1, 0, 0, 0, 1, 0, 0, 0, 1, 11.4299, 0.781339, -30.7364)

[node name="pine-crooked46" parent="tree" instance=ExtResource("2_os15o")]
transform = Transform3D(1, 0, 0, 0, 1, 0, 0, 0, 1, 10.4162, 0.781339, -31.0218)

[node name="pine-crooked47" parent="tree" instance=ExtResource("2_os15o")]
transform = Transform3D(1, 0, 0, 0, 1, 0, 0, 0, 1, 15.1925, 0.781339, -30.8224)

[node name="pine-crooked48" parent="tree" instance=ExtResource("2_os15o")]
transform = Transform3D(1, 0, 0, 0, 1, 0, 0, 0, 1, 16.1046, 0.781339, -31.2416)

[node name="pine-crooked49" parent="tree" instance=ExtResource("2_os15o")]
transform = Transform3D(1, 0, 0, 0, 1, 0, 0, 0, 1, 21.2186, 0.781339, -30.7726)

[node name="pine-crooked50" parent="tree" instance=ExtResource("2_os15o")]
transform = Transform3D(1, 0, 0, 0, 1, 0, 0, 0, 1, 16.8525, 0.781339, -30.8513)

[node name="pine-crooked51" parent="tree" instance=ExtResource("2_os15o")]
transform = Transform3D(1, 0, 0, 0, 1, 0, 0, 0, 1, 17.7657, 0.781339, -30.3254)

[node name="pine-crooked52" parent="tree" instance=ExtResource("2_os15o")]
transform = Transform3D(1, 0, 0, 0, 1, 0, 0, 0, 1, 18.5455, 0.781339, -29.9339)

[node name="pine-crooked53" parent="tree" instance=ExtResource("2_os15o")]
transform = Transform3D(1, 0, 0, 0, 1, 0, 0, 0, 1, 19.4878, 0.781339, -29.7963)

[node name="pine-crooked54" parent="tree" instance=ExtResource("2_os15o")]
transform = Transform3D(1, 0, 0, 0, 1, 0, 0, 0, 1, 20.5037, 0.781339, -30.1885)

[node name="pine-crooked55" parent="tree" instance=ExtResource("2_os15o")]
transform = Transform3D(1, 0, 0, 0, 1, 0, 0, 0, 1, 18.148, 0.781339, -30.8136)

[node name="pine-crooked56" parent="tree" instance=ExtResource("2_os15o")]
transform = Transform3D(1, 0, 0, 0, 1, 0, 0, 0, 1, 18.148, 0.781339, -30.8136)

[node name="pine-crooked57" parent="tree" instance=ExtResource("2_os15o")]
transform = Transform3D(1, 0, 0, 0, 1, 0, 0, 0, 1, 19.0005, 0.781339, -31.1438)

[node name="pine-crooked58" parent="tree" instance=ExtResource("2_os15o")]
transform = Transform3D(1, 0, 0, 0, 1, 0, 0, 0, 1, 22.3584, 0.781339, -30.6038)

[node name="pine-crooked59" parent="tree" instance=ExtResource("2_os15o")]
transform = Transform3D(1, 0, 0, 0, 1, 0, 0, 0, 1, 21.6479, 0.781339, -29.9951)

[node name="pine-crooked60" parent="tree" instance=ExtResource("2_os15o")]
transform = Transform3D(1, 0, 0, 0, 1, 0, 0, 0, 1, 23.4712, 0.781339, -30.8136)

[node name="pine-crooked61" parent="tree" instance=ExtResource("2_os15o")]
transform = Transform3D(1, 0, 0, 0, 1, 0, 0, 0, 1, 24.4983, 0.781339, -30.8136)

[node name="pine-crooked62" parent="tree" instance=ExtResource("2_os15o")]
transform = Transform3D(1, 0, 0, 0, 1, 0, 0, 0, 1, 18.4453, 0.781339, -27.2042)

[node name="pine-crooked63" parent="tree" instance=ExtResource("2_os15o")]
transform = Transform3D(1, 0, 0, 0, 1, 0, 0, 0, 1, 19.5169, 0.781339, -26.8317)

[node name="pine-crooked64" parent="tree" instance=ExtResource("2_os15o")]
transform = Transform3D(1, 0, 0, 0, 1, 0, 0, 0, 1, 22.9896, 0.781339, -29.8409)

[node name="pine-crooked65" parent="tree" instance=ExtResource("2_os15o")]
transform = Transform3D(1, 0, 0, 0, 1, 0, 0, 0, 1, 25.2816, 0.781339, -29.9952)

[node name="pine-crooked66" parent="tree" instance=ExtResource("2_os15o")]
transform = Transform3D(1, 0, 0, 0, 1, 0, 0, 0, 1, 20.13, 0.781339, -27.6886)

[node name="pine-crooked67" parent="tree" instance=ExtResource("2_os15o")]
transform = Transform3D(1, 0, 0, 0, 1, 0, 0, 0, 1, 18.7533, 0.781339, -26.128)

[node name="pine-crooked68" parent="tree" instance=ExtResource("2_os15o")]
transform = Transform3D(1, 0, 0, 0, 1, 0, 0, 0, 1, 19.7923, 0.781339, -26.0482)

[node name="pine-crooked69" parent="tree" instance=ExtResource("2_os15o")]
transform = Transform3D(1, 0, 0, 0, 1, 0, 0, 0, 1, 20.5959, 0.781339, -26.6601)

[node name="pine-crooked70" parent="tree" instance=ExtResource("2_os15o")]
transform = Transform3D(1, 0, 0, 0, 1, 0, 0, 0, 1, 21.3673, 0.781339, -27.3146)

[node name="pine-crooked71" parent="tree" instance=ExtResource("2_os15o")]
transform = Transform3D(1, 0, 0, 0, 1, 0, 0, 0, 1, 21.6094, 0.781339, -26.3859)

[node name="pine-crooked72" parent="tree" instance=ExtResource("2_os15o")]
transform = Transform3D(1, 0, 0, 0, 1, 0, 0, 0, 1, 20.7089, 0.781339, -25.5805)

[node name="pine-crooked73" parent="tree" instance=ExtResource("2_os15o")]
transform = Transform3D(1, 0, 0, 0, 1, 0, 0, 0, 1, 22.4496, 0.781339, -27.6671)

[node name="pine-crooked76" parent="tree" instance=ExtResource("2_os15o")]
transform = Transform3D(1, 0, 0, 0, 1, 0, 0, 0, 1, 20.4498, 0.781339, -24.1215)

[node name="pine-crooked77" parent="tree" instance=ExtResource("2_os15o")]
transform = Transform3D(1, 0, 0, 0, 1, 0, 0, 0, 1, 13.8765, 0.781339, -30.1561)

[node name="pine-crooked78" parent="tree" instance=ExtResource("2_os15o")]
transform = Transform3D(1, 0, 0, 0, 1, 0, 0, 0, 1, 20.1168, 0.781339, -23.3031)

[node name="pine-crooked79" parent="tree" instance=ExtResource("2_os15o")]
transform = Transform3D(1, 0, 0, 0, 1, 0, 0, 0, 1, 22.1345, 0.781339, -24.6059)

[node name="pine-crooked80" parent="tree" instance=ExtResource("2_os15o")]
transform = Transform3D(1, 0, 0, 0, 1, 0, 0, 0, 1, 13.1128, 0.781339, -29.4524)

[node name="pine-crooked81" parent="tree" instance=ExtResource("2_os15o")]
transform = Transform3D(1, 0, 0, 0, 1, 0, 0, 0, 1, 14.1518, 0.781339, -29.3727)

[node name="pine-crooked82" parent="tree" instance=ExtResource("2_os15o")]
transform = Transform3D(1, 0, 0, 0, 1, 0, 0, 0, 1, 14.9554, 0.781339, -29.9846)

[node name="pine-crooked83" parent="tree" instance=ExtResource("2_os15o")]
transform = Transform3D(1, 0, 0, 0, 1, 0, 0, 0, 1, 23.3718, 0.781339, -24.2318)

[node name="pine-crooked84" parent="tree" instance=ExtResource("2_os15o")]
transform = Transform3D(1, 0, 0, 0, 1, 0, 0, 0, 1, 15.9689, 0.781339, -29.7103)

[node name="pine-crooked85" parent="tree" instance=ExtResource("2_os15o")]
transform = Transform3D(1, 0, 0, 0, 1, 0, 0, 0, 1, 15.0684, 0.781339, -28.905)

[node name="pine-crooked86" parent="tree" instance=ExtResource("2_os15o")]
transform = Transform3D(1, 0, 0, 0, 1, 0, 0, 0, 1, 24.4542, 0.781339, -24.5844)

[node name="pine-crooked74" parent="tree" instance=ExtResource("2_os15o")]
transform = Transform3D(1, 0, 0, 0, 1, 0, 0, 0, 1, 22.6418, 0.781339, -26.7387)

[node name="pine-crooked87" parent="tree" instance=ExtResource("2_os15o")]
transform = Transform3D(1, 0, 0, 0, 1, 0, 0, 0, 1, 16.5852, 0.781339, -29.2175)

[node name="pine-crooked88" parent="tree" instance=ExtResource("2_os15o")]
transform = Transform3D(1, 0, 0, 0, 1, 0, 0, 0, 1, 17.1983, 0.781339, -30.0744)

[node name="pine-crooked89" parent="tree" instance=ExtResource("2_os15o")]
transform = Transform3D(1, 0, 0, 0, 1, 0, 0, 0, 1, 15.8216, 0.781339, -28.5138)

[node name="pine-crooked90" parent="tree" instance=ExtResource("2_os15o")]
transform = Transform3D(1, 0, 0, 0, 1, 0, 0, 0, 1, 16.8606, 0.781339, -28.4341)

[node name="pine-crooked91" parent="tree" instance=ExtResource("2_os15o")]
transform = Transform3D(1, 0, 0, 0, 1, 0, 0, 0, 1, 17.6642, 0.781339, -29.046)

[node name="pine-crooked92" parent="tree" instance=ExtResource("2_os15o")]
transform = Transform3D(1, 0, 0, 0, 1, 0, 0, 0, 1, 18.4356, 0.781339, -29.7004)

[node name="pine-crooked93" parent="tree" instance=ExtResource("2_os15o")]
transform = Transform3D(1, 0, 0, 0, 1, 0, 0, 0, 1, 18.6777, 0.781339, -28.7717)

[node name="pine-crooked94" parent="tree" instance=ExtResource("2_os15o")]
transform = Transform3D(1, 0, 0, 0, 1, 0, 0, 0, 1, 17.7772, 0.781339, -27.9664)

[node name="pine-crooked95" parent="tree" instance=ExtResource("2_os15o")]
transform = Transform3D(1, 0, 0, 0, 1, 0, 0, 0, 1, 19.5179, 0.781339, -30.053)

[node name="pine-crooked96" parent="tree" instance=ExtResource("2_os15o")]
transform = Transform3D(1, 0, 0, 0, 1, 0, 0, 0, 1, 17.5181, 0.781339, -26.5073)

[node name="pine-crooked97" parent="tree" instance=ExtResource("2_os15o")]
transform = Transform3D(1, 0, 0, 0, 1, 0, 0, 0, 1, 17.1851, 0.781339, -25.689)

[node name="pine-crooked98" parent="tree" instance=ExtResource("2_os15o")]
transform = Transform3D(1, 0, 0, 0, 1, 0, 0, 0, 1, 19.2028, 0.781339, -26.9917)

[node name="pine-crooked99" parent="tree" instance=ExtResource("2_os15o")]
transform = Transform3D(1, 0, 0, 0, 1, 0, 0, 0, 1, 20.4402, 0.781339, -26.6177)

[node name="pine-crooked100" parent="tree" instance=ExtResource("2_os15o")]
transform = Transform3D(1, 0, 0, 0, 1, 0, 0, 0, 1, 21.5225, 0.781339, -26.9702)

[node name="pine-crooked101" parent="tree" instance=ExtResource("2_os15o")]
transform = Transform3D(1, 0, 0, 0, 1, 0, 0, 0, 1, 19.7102, 0.781339, -29.1245)

[node name="pine-crooked75" parent="tree" instance=ExtResource("2_os15o")]
transform = Transform3D(1, 0, 0, 0, 1, 0, 0, 0, 1, 13.4107, 0.781339, -31.4825)

[node name="pine-crooked131" parent="tree" instance=ExtResource("2_os15o")]
transform = Transform3D(-0.0608047, 0, 0.99815, 0, 1, 0, -0.99815, 0, -0.0608047, -47.2451, 1.58688, 1.40231)

[node name="pine-crooked132" parent="tree" instance=ExtResource("2_os15o")]
transform = Transform3D(-0.0608047, 0, 0.99815, 0, 1, 0, -0.99815, 0, -0.0608047, -47.7075, 1.58688, 0.550467)

[node name="pine-crooked133" parent="tree" instance=ExtResource("2_os15o")]
transform = Transform3D(-0.0608047, 0, 0.99815, 0, 1, 0, -0.99815, 0, -0.0608047, -47.7052, 1.58688, 2.41451)

[node name="pine-crooked134" parent="tree" instance=ExtResource("2_os15o")]
transform = Transform3D(-0.0608047, 0, 0.99815, 0, 1, 0, -0.99815, 0, -0.0608047, -47.2012, 1.58688, 3.38411)

[node name="pine-crooked135" parent="tree" instance=ExtResource("2_os15o")]
transform = Transform3D(-0.0608047, 0, 0.99815, 0, 1, 0, -0.99815, 0, -0.0608047, -47.4244, 1.58688, 4.41328)

[node name="pine-crooked136" parent="tree" instance=ExtResource("2_os15o")]
transform = Transform3D(-0.0608047, 0, 0.99815, 0, 1, 0, -0.99815, 0, -0.0608047, -47.5158, 1.58688, -0.366271)

[node name="pine-crooked137" parent="tree" instance=ExtResource("2_os15o")]
transform = Transform3D(-0.0608047, 0, 0.99815, 0, 1, 0, -0.99815, 0, -0.0608047, -47.9897, 1.58688, -1.25123)

[node name="pine-crooked138" parent="tree" instance=ExtResource("2_os15o")]
transform = Transform3D(-0.0608047, 0, 0.99815, 0, 1, 0, -0.99815, 0, -0.0608047, -47.8325, 1.58688, -6.38426)

[node name="pine-crooked139" parent="tree" instance=ExtResource("2_os15o")]
transform = Transform3D(-0.0608047, 0, 0.99815, 0, 1, 0, -0.99815, 0, -0.0608047, -47.6456, 1.58688, -2.02146)

[node name="pine-crooked140" parent="tree" instance=ExtResource("2_os15o")]
transform = Transform3D(-0.0608047, 0, 0.99815, 0, 1, 0, -0.99815, 0, -0.0608047, -47.1762, 1.58688, -2.96492)

[node name="pine-crooked141" parent="tree" instance=ExtResource("2_os15o")]
transform = Transform3D(-0.0608047, 0, 0.99815, 0, 1, 0, -0.99815, 0, -0.0608047, -46.8328, 1.58688, -3.76705)

[node name="pine-crooked142" parent="tree" instance=ExtResource("2_os15o")]
transform = Transform3D(-0.0608047, 0, 0.99815, 0, 1, 0, -0.99815, 0, -0.0608047, -46.7528, 1.58688, -4.71602)

[node name="pine-crooked143" parent="tree" instance=ExtResource("2_os15o")]
transform = Transform3D(-0.0608047, 0, 0.99815, 0, 1, 0, -0.99815, 0, -0.0608047, -47.2061, 1.58688, -5.70622)

[node name="pine-crooked144" parent="tree" instance=ExtResource("2_os15o")]
transform = Transform3D(-0.0608047, 0, 0.99815, 0, 1, 0, -0.99815, 0, -0.0608047, -47.6867, 1.58688, -3.31681)

[node name="pine-crooked145" parent="tree" instance=ExtResource("2_os15o")]
transform = Transform3D(-0.0608047, 0, 0.99815, 0, 1, 0, -0.99815, 0, -0.0608047, -47.6867, 1.58688, -3.31681)

[node name="pine-crooked146" parent="tree" instance=ExtResource("2_os15o")]
transform = Transform3D(-0.0608047, 0, 0.99815, 0, 1, 0, -0.99815, 0, -0.0608047, -48.0682, 1.58688, -4.14764)

[node name="pine-crooked147" parent="tree" instance=ExtResource("2_os15o")]
transform = Transform3D(-0.0608047, 0, 0.99815, 0, 1, 0, -0.99815, 0, -0.0608047, -47.7333, 1.58688, -7.53223)

[node name="pine-crooked148" parent="tree" instance=ExtResource("2_os15o")]
transform = Transform3D(-0.0608047, 0, 0.99815, 0, 1, 0, -0.99815, 0, -0.0608047, -47.0826, 1.58688, -6.86005)

[node name="pine-crooked149" parent="tree" instance=ExtResource("2_os15o")]
transform = Transform3D(-0.0608047, 0, 0.99815, 0, 1, 0, -0.99815, 0, -0.0608047, -48.0104, 1.58688, -8.6302)

[node name="pine-crooked150" parent="tree" instance=ExtResource("2_os15o")]
transform = Transform3D(-0.0608047, 0, 0.99815, 0, 1, 0, -0.99815, 0, -0.0608047, -48.0729, 1.58688, -9.6554)

[node name="pine-crooked151" parent="tree" instance=ExtResource("2_os15o")]
transform = Transform3D(-0.0608047, 0, 0.99815, 0, 1, 0, -0.99815, 0, -0.0608047, -48.1407, 1.58688, -10.7696)

[node name="pine-crooked152" parent="tree" instance=ExtResource("2_os15o")]
transform = Transform3D(-0.0608047, 0, 0.99815, 0, 1, 0, -0.99815, 0, -0.0608047, -47.834, 1.58688, -11.8619)

[node name="pine-crooked153" parent="tree" instance=ExtResource("2_os15o")]
transform = Transform3D(-0.0608047, 0, 0.99815, 0, 1, 0, -0.99815, 0, -0.0608047, -47.0102, 1.58688, -8.2086)

[node name="pine-crooked154" parent="tree" instance=ExtResource("2_os15o")]
transform = Transform3D(-0.0608047, 0, 0.99815, 0, 1, 0, -0.99815, 0, -0.0608047, -47.3036, 1.58688, -10.487)

[node name="pine-crooked155" parent="tree" instance=ExtResource("2_os15o")]
transform = Transform3D(-0.0608047, 0, 0.99815, 0, 1, 0, -0.99815, 0, -0.0608047, -48.7267, 1.58688, -12.4217)

[node name="pine-crooked156" parent="tree" instance=ExtResource("2_os15o")]
transform = Transform3D(-0.0608047, 0, 0.99815, 0, 1, 0, -0.99815, 0, -0.0608047, -47.0852, 1.58688, -11.1425)

[node name="pine-crooked157" parent="tree" instance=ExtResource("2_os15o")]
transform = Transform3D(-0.0608047, 0, 0.99815, 0, 1, 0, -0.99815, 0, -0.0608047, -47.0688, 1.58688, -12.1845)

[node name="pine-crooked158" parent="tree" instance=ExtResource("2_os15o")]
transform = Transform3D(-0.0608047, 0, 0.99815, 0, 1, 0, -0.99815, 0, -0.0608047, -47.7284, 1.58688, -12.9493)

[node name="pine-crooked159" parent="tree" instance=ExtResource("2_os15o")]
transform = Transform3D(-0.0608047, 0, 0.99815, 0, 1, 0, -0.99815, 0, -0.0608047, -48.4286, 1.58688, -13.6795)

[node name="pine-crooked160" parent="tree" instance=ExtResource("2_os15o")]
transform = Transform3D(-0.0608047, 0, 0.99815, 0, 1, 0, -0.99815, 0, -0.0608047, -47.5163, 1.58688, -13.9776)

[node name="pine-crooked161" parent="tree" instance=ExtResource("2_os15o")]
transform = Transform3D(-0.0608047, 0, 0.99815, 0, 1, 0, -0.99815, 0, -0.0608047, -46.6577, 1.58688, -13.1278)

[node name="pine-crooked162" parent="tree" instance=ExtResource("2_os15o")]
transform = Transform3D(-0.0608047, 0, 0.99815, 0, 1, 0, -0.99815, 0, -0.0608047, -48.8463, 1.58688, -14.7384)

[node name="pine-crooked163" parent="tree" instance=ExtResource("2_os15o")]
transform = Transform3D(-0.0608047, 0, 0.99815, 0, 1, 0, -0.99815, 0, -0.0608047, -47.9312, 1.58688, -14.9867)

[node name="pine-crooked164" parent="tree" instance=ExtResource("2_os15o")]
transform = Transform3D(-0.0608047, 0, 0.99815, 0, 1, 0, -0.99815, 0, -0.0608047, -46.7543, 1.58688, -14.1336)

[node name="pine-crooked165" parent="tree" instance=ExtResource("2_os15o")]
transform = Transform3D(-0.0608047, 0, 0.99815, 0, 1, 0, -0.99815, 0, -0.0608047, -46.9473, 1.58688, -15.2808)

[node name="pine-crooked166" parent="tree" instance=ExtResource("2_os15o")]
transform = Transform3D(-0.0608047, 0, 0.99815, 0, 1, 0, -0.99815, 0, -0.0608047, -46.701, 1.58688, -16.2381)

[node name="pine-crooked167" parent="tree" instance=ExtResource("2_os15o")]
transform = Transform3D(-0.0608047, 0, 0.99815, 0, 1, 0, -0.99815, 0, -0.0608047, -46.5317, 1.58688, -17.132)

[node name="pine-crooked168" parent="tree" instance=ExtResource("2_os15o")]
transform = Transform3D(-0.0608047, 0, 0.99815, 0, 1, 0, -0.99815, 0, -0.0608047, -46.3076, 1.58688, -18.0152)

[node name="pine-crooked169" parent="tree" instance=ExtResource("2_os15o")]
transform = Transform3D(-0.0608047, 0, 0.99815, 0, 1, 0, -0.99815, 0, -0.0608047, -48.0663, 1.58688, 1.45233)

[node name="pine-crooked260" parent="tree" instance=ExtResource("2_os15o")]
transform = Transform3D(0.999265, 0, 0.0383356, 0, 1, 0, -0.0383356, 0, 0.999265, -26.1562, 1.58688, -30.1448)

[node name="pine-crooked261" parent="tree" instance=ExtResource("2_os15o")]
transform = Transform3D(0.999265, 0, 0.0383356, 0, 1, 0, -0.0383356, 0, 0.999265, -25.2941, 1.58688, -30.5879)

[node name="pine-crooked262" parent="tree" instance=ExtResource("2_os15o")]
transform = Transform3D(0.999265, 0, 0.0383356, 0, 1, 0, -0.0383356, 0, 0.999265, -27.1578, 1.58688, -30.6275)

[node name="pine-crooked263" parent="tree" instance=ExtResource("2_os15o")]
transform = Transform3D(0.999265, 0, 0.0383356, 0, 1, 0, -0.0383356, 0, 0.999265, -28.1385, 1.58688, -30.1455)

[node name="pine-crooked264" parent="tree" instance=ExtResource("2_os15o")]
transform = Transform3D(0.999265, 0, 0.0383356, 0, 1, 0, -0.0383356, 0, 0.999265, -29.1623, 1.58688, -30.3918)

[node name="pine-crooked265" parent="tree" instance=ExtResource("2_os15o")]
transform = Transform3D(0.999265, 0, 0.0383356, 0, 1, 0, -0.0383356, 0, 0.999265, -24.3819, 1.58688, -30.3757)

[node name="pine-crooked266" parent="tree" instance=ExtResource("2_os15o")]
transform = Transform3D(0.999265, 0, 0.0383356, 0, 1, 0, -0.0383356, 0, 0.999265, -23.4865, 1.58688, -30.8295)

[node name="pine-crooked267" parent="tree" instance=ExtResource("2_os15o")]
transform = Transform3D(0.999265, 0, 0.0383356, 0, 1, 0, -0.0383356, 0, 0.999265, -18.3584, 1.58688, -30.5569)

[node name="pine-crooked268" parent="tree" instance=ExtResource("2_os15o")]
transform = Transform3D(0.999265, 0, 0.0383356, 0, 1, 0, -0.0383356, 0, 0.999265, -22.7243, 1.58688, -30.4682)

[node name="pine-crooked269" parent="tree" instance=ExtResource("2_os15o")]
transform = Transform3D(0.999265, 0, 0.0383356, 0, 1, 0, -0.0383356, 0, 0.999265, -21.7916, 1.58688, -29.9777)

[node name="pine-crooked270" parent="tree" instance=ExtResource("2_os15o")]
transform = Transform3D(0.999265, 0, 0.0383356, 0, 1, 0, -0.0383356, 0, 0.999265, -20.9974, 1.58688, -29.6163)

[node name="pine-crooked271" parent="tree" instance=ExtResource("2_os15o")]
transform = Transform3D(0.999265, 0, 0.0383356, 0, 1, 0, -0.0383356, 0, 0.999265, -20.0505, 1.58688, -29.515)

[node name="pine-crooked272" parent="tree" instance=ExtResource("2_os15o")]
transform = Transform3D(0.999265, 0, 0.0383356, 0, 1, 0, -0.0383356, 0, 0.999265, -19.0503, 1.58688, -29.9458)

[node name="pine-crooked273" parent="tree" instance=ExtResource("2_os15o")]
transform = Transform3D(0.999265, 0, 0.0383356, 0, 1, 0, -0.0383356, 0, 0.999265, -21.4283, 1.58688, -30.4802)

[node name="pine-crooked274" parent="tree" instance=ExtResource("2_os15o")]
transform = Transform3D(0.999265, 0, 0.0383356, 0, 1, 0, -0.0383356, 0, 0.999265, -21.4283, 1.58688, -30.4802)

[node name="pine-crooked275" parent="tree" instance=ExtResource("2_os15o")]
transform = Transform3D(0.999265, 0, 0.0383356, 0, 1, 0, -0.0383356, 0, 0.999265, -20.5891, 1.58688, -30.8428)

[node name="pine-crooked276" parent="tree" instance=ExtResource("2_os15o")]
transform = Transform3D(0.999265, 0, 0.0383356, 0, 1, 0, -0.0383356, 0, 0.999265, -17.2129, 1.58688, -30.4319)

[node name="pine-crooked277" parent="tree" instance=ExtResource("2_os15o")]
transform = Transform3D(0.999265, 0, 0.0383356, 0, 1, 0, -0.0383356, 0, 0.999265, -17.8996, 1.58688, -29.7964)

[node name="pine-crooked278" parent="tree" instance=ExtResource("2_os15o")]
transform = Transform3D(0.999265, 0, 0.0383356, 0, 1, 0, -0.0383356, 0, 0.999265, -16.109, 1.58688, -30.6842)

[node name="pine-crooked279" parent="tree" instance=ExtResource("2_os15o")]
transform = Transform3D(0.999265, 0, 0.0383356, 0, 1, 0, -0.0383356, 0, 0.999265, -15.0826, 1.58688, -30.7236)

[node name="pine-crooked280" parent="tree" instance=ExtResource("2_os15o")]
transform = Transform3D(0.999265, 0, 0.0383356, 0, 1, 0, -0.0383356, 0, 0.999265, -13.9672, 1.58688, -30.7664)

[node name="pine-crooked281" parent="tree" instance=ExtResource("2_os15o")]
transform = Transform3D(0.999265, 0, 0.0383356, 0, 1, 0, -0.0383356, 0, 0.999265, -12.882, 1.58688, -30.4352)

[node name="pine-crooked282" parent="tree" instance=ExtResource("2_os15o")]
transform = Transform3D(0.999265, 0, 0.0383356, 0, 1, 0, -0.0383356, 0, 0.999265, -16.553, 1.58688, -29.6937)

[node name="pine-crooked283" parent="tree" instance=ExtResource("2_os15o")]
transform = Transform3D(0.999265, 0, 0.0383356, 0, 1, 0, -0.0383356, 0, 0.999265, -14.2686, 1.58688, -29.9359)

[node name="pine-crooked284" parent="tree" instance=ExtResource("2_os15o")]
transform = Transform3D(0.999265, 0, 0.0383356, 0, 1, 0, -0.0383356, 0, 0.999265, -12.3023, 1.58688, -31.315)

[node name="pine-crooked285" parent="tree" instance=ExtResource("2_os15o")]
transform = Transform3D(0.999265, 0, 0.0383356, 0, 1, 0, -0.0383356, 0, 0.999265, -13.6181, 1.58688, -29.7027)

[node name="pine-crooked286" parent="tree" instance=ExtResource("2_os15o")]
transform = Transform3D(0.999265, 0, 0.0383356, 0, 1, 0, -0.0383356, 0, 0.999265, -12.5768, 1.58688, -29.6629)

[node name="pine-crooked287" parent="tree" instance=ExtResource("2_os15o")]
transform = Transform3D(0.999265, 0, 0.0383356, 0, 1, 0, -0.0383356, 0, 0.999265, -11.7973, 1.58688, -30.3051)

[node name="pine-crooked288" parent="tree" instance=ExtResource("2_os15o")]
transform = Transform3D(0.999265, 0, 0.0383356, 0, 1, 0, -0.0383356, 0, 0.999265, -11.0515, 1.58688, -30.9887)

[node name="pine-crooked289" parent="tree" instance=ExtResource("2_os15o")]
transform = Transform3D(0.999265, 0, 0.0383356, 0, 1, 0, -0.0383356, 0, 0.999265, -10.774, 1.58688, -30.0699)

[node name="pine-crooked290" parent="tree" instance=ExtResource("2_os15o")]
transform = Transform3D(0.999265, 0, 0.0383356, 0, 1, 0, -0.0383356, 0, 0.999265, -11.643, 1.58688, -29.2307)

[node name="pine-crooked291" parent="tree" instance=ExtResource("2_os15o")]
transform = Transform3D(0.999265, 0, 0.0383356, 0, 1, 0, -0.0383356, 0, 0.999265, -9.98351, 1.58688, -31.3825)

[node name="pine-crooked292" parent="tree" instance=ExtResource("2_os15o")]
transform = Transform3D(0.999265, 0, 0.0383356, 0, 1, 0, -0.0383356, 0, 0.999265, -9.75584, 1.58688, -30.462)

[node name="pine-crooked293" parent="tree" instance=ExtResource("2_os15o")]
transform = Transform3D(0.999265, 0, 0.0383356, 0, 1, 0, -0.0383356, 0, 0.999265, -10.6352, 1.58688, -29.3047)

[node name="pine-crooked508" parent="tree" instance=ExtResource("2_os15o")]
transform = Transform3D(1, 0, 0, 0, 1, 0, 0, 0, 1, -24.9759, 0.781339, -26.8737)

[node name="pine-crooked509" parent="tree" instance=ExtResource("2_os15o")]
transform = Transform3D(1, 0, 0, 0, 1, 0, 0, 0, 1, -25.9583, 0.781339, -27.3944)

[node name="pine-crooked510" parent="tree" instance=ExtResource("2_os15o")]
transform = Transform3D(1, 0, 0, 0, 1, 0, 0, 0, 1, -26.9567, 0.781339, -26.9503)

[node name="pine-crooked511" parent="tree" instance=ExtResource("2_os15o")]
transform = Transform3D(1, 0, 0, 0, 1, 0, 0, 0, 1, -27.9704, 0.781339, -27.2357)

[node name="pine-crooked512" parent="tree" instance=ExtResource("2_os15o")]
transform = Transform3D(1, 0, 0, 0, 1, 0, 0, 0, 1, -24.9759, 0.781339, -27.6963)

[node name="pine-crooked513" parent="tree" instance=ExtResource("2_os15o")]
transform = Transform3D(0.999265, 0, 0.0383356, 0, 1, 0, -0.0383356, 0, 0.999265, -32.7607, 1.58688, -26.4942)

[node name="pine-crooked514" parent="tree" instance=ExtResource("2_os15o")]
transform = Transform3D(0.999265, 0, 0.0383356, 0, 1, 0, -0.0383356, 0, 0.999265, -31.6453, 1.58688, -26.537)

[node name="pine-crooked515" parent="tree" instance=ExtResource("2_os15o")]
transform = Transform3D(0.999265, 0, 0.0383356, 0, 1, 0, -0.0383356, 0, 0.999265, -30.5601, 1.58688, -26.2058)

[node name="pine-crooked516" parent="tree" instance=ExtResource("2_os15o")]
transform = Transform3D(0.999265, 0, 0.0383356, 0, 1, 0, -0.0383356, 0, 0.999265, -31.9466, 1.58688, -25.7064)

[node name="pine-crooked517" parent="tree" instance=ExtResource("2_os15o")]
transform = Transform3D(0.999265, 0, 0.0383356, 0, 1, 0, -0.0383356, 0, 0.999265, -29.9804, 1.58688, -27.0856)

[node name="pine-crooked518" parent="tree" instance=ExtResource("2_os15o")]
transform = Transform3D(0.999265, 0, 0.0383356, 0, 1, 0, -0.0383356, 0, 0.999265, -31.2962, 1.58688, -25.4733)

[node name="pine-crooked519" parent="tree" instance=ExtResource("2_os15o")]
transform = Transform3D(0.999265, 0, 0.0383356, 0, 1, 0, -0.0383356, 0, 0.999265, -30.2549, 1.58688, -25.4335)

[node name="pine-crooked520" parent="tree" instance=ExtResource("2_os15o")]
transform = Transform3D(0.999265, 0, 0.0383356, 0, 1, 0, -0.0383356, 0, 0.999265, -29.4753, 1.58688, -26.0757)

[node name="pine-crooked521" parent="tree" instance=ExtResource("2_os15o")]
transform = Transform3D(0.999265, 0, 0.0383356, 0, 1, 0, -0.0383356, 0, 0.999265, -28.7296, 1.58688, -26.7593)

[node name="pine-crooked522" parent="tree" instance=ExtResource("2_os15o")]
transform = Transform3D(0.999265, 0, 0.0383356, 0, 1, 0, -0.0383356, 0, 0.999265, -28.4521, 1.58688, -25.8405)

[node name="pine-crooked523" parent="tree" instance=ExtResource("2_os15o")]
transform = Transform3D(0.999265, 0, 0.0383356, 0, 1, 0, -0.0383356, 0, 0.999265, -29.321, 1.58688, -25.0012)

[node name="pine-crooked524" parent="tree" instance=ExtResource("2_os15o")]
transform = Transform3D(0.999265, 0, 0.0383356, 0, 1, 0, -0.0383356, 0, 0.999265, -27.6616, 1.58688, -27.153)

[node name="pine-crooked525" parent="tree" instance=ExtResource("2_os15o")]
transform = Transform3D(0.999265, 0, 0.0383356, 0, 1, 0, -0.0383356, 0, 0.999265, -27.4339, 1.58688, -26.2326)

[node name="pine-crooked526" parent="tree" instance=ExtResource("2_os15o")]
